-1.822967839278436086e+00,4.630529820027268206e-01,3.046820345143210762e-01,-5.793930390162724819e-01,-1.016732820485579947e-01,4.454983036578423761e-01,-6.144984843651035700e-01,-2.099791139885919478e+00,8.502497450399895129e-01,0.000000000000000000e+00
-1.767347136942302388e+00,4.848533932278405456e-01,1.260618435528638170e-01,-2.963244113704286975e-01,-5.160135117220192996e-02,8.767927043606602577e-01,-6.703216980153865467e-01,-2.309749166990830993e+00,9.092282472896678902e-01,0.000000000000000000e+00
-1.904127558757090943e+00,5.938752949712744478e-01,3.674199380220499744e-02,-3.834171914655908342e-01,-1.821688172041600190e-02,4.000988930575457569e-01,-3.911753787450141240e-01,-1.469927036142210541e+00,1.086153680853007453e+00,0.000000000000000000e+00
-1.178919547965892489e+00,4.739581490197500302e-01,8.852171636789175624e-01,-1.123759541046536192e+00,1.236551801963671066e-01,9.675915255612534960e-01,-9.866868542769428041e-01,-1.217983390158932311e+00,-7.420791570300661055e-01,0.000000000000000000e+00
-1.097681337462596440e+00,5.175589714699775357e-01,9.298722114192818911e-01,-1.036656993901907242e+00,1.236551801963671066e-01,9.675915255612534960e-01,-8.750303433033911338e-01,-1.175987793709539542e+00,-4.766910066850568728e-01,0.000000000000000000e+00
-1.741719817397059833e+00,5.720748837461608893e-01,3.493370822546854049e-01,-2.092218642257998862e-01,6.523951860772599087e-02,1.058390346761846734e+00,-5.772796473739196799e-01,-2.015809924558160215e+00,8.502497450399895129e-01,0.000000000000000000e+00
-1.042148937529183916e+00,6.810967854895948470e-01,1.242467299871762298e+00,-7.971396398283778773e-01,2.154553112367941781e-01,1.035690641461698425e+00,-5.214463500506508753e-01,-7.980673359491091690e-01,-4.766910066850568728e-01,0.000000000000000000e+00
-1.735980161220196383e+00,5.938752949712744478e-01,1.707168912932281180e-01,-2.310023845366904749e-01,4.854251058051021334e-02,9.902912308614016945e-01,-5.214463500506508753e-01,-1.889833112781007740e+00,7.617870282583196762e-01,0.000000000000000000e+00
-1.468168785145562705e+00,8.228143426662331006e-01,3.940018842649798958e-01,-4.922904918716435319e-01,5.689578789544091214e-02,7.405944725597702893e-01,-9.680824776178439395e-01,-1.721870682125488772e+00,8.357958172264885743e-02,0.000000000000000000e+00
-1.077793674094217113e+00,5.720748837461608893e-01,1.108502156650669423e+00,-1.080208267474221495e+00,1.069581721691513637e-01,9.902912308614016945e-01,-7.819782089889383281e-01,-1.175987793709539542e+00,-5.651537234667266540e-01,0.000000000000000000e+00
-1.109072347413601944e+00,5.284641384870006897e-01,1.153157204391033863e+00,-1.058437514212797748e+00,-9.873151008130930106e-03,9.675915255612534960e-01,-8.750303433033911338e-01,-1.175987793709539542e+00,-4.471967189673696774e-01,0.000000000000000000e+00
-1.143265000022779088e+00,8.446246767002795197e-01,9.298722114192818911e-01,-6.882663394223250686e-01,1.737271110727232060e-01,1.081090052061994822e+00,-7.633738323298393524e-01,-1.050010981932387288e+00,2.015265130363098622e-01,0.000000000000000000e+00
-1.027922439313027070e+00,6.810967854895948470e-01,1.197812252131398081e+00,-8.624616666621160999e-01,1.737271110727232060e-01,1.126489462662291663e+00,-4.470086760682829841e-01,-8.820485512768685421e-01,-3.292497876537086032e-01,0.000000000000000000e+00
-1.735980161220196383e+00,5.720748837461608893e-01,-9.722314941888796080e-02,-2.963244113704286975e-01,-5.160135117220192996e-02,8.994924096608084563e-01,-6.889361583474713502e-01,-2.351734785869197708e+00,8.797440327576766528e-01,0.000000000000000000e+00
-1.063478873475339093e+00,4.848533932278405456e-01,1.376442197362785613e+00,-9.931057203295928781e-01,1.153114494840820486e-01,9.675915255612534960e-01,-6.889361583474713502e-01,-1.092006578381780280e+00,-5.061752212170481657e-01,0.000000000000000000e+00
-1.083454839246439594e+00,5.066637272618870202e-01,1.287122347612126738e+00,-1.080208267474221495e+00,5.689578789544091214e-02,1.035690641461698425e+00,-6.517173213562874601e-01,-1.008025363054020795e+00,-4.471967189673696774e-01,0.000000000000000000e+00
-1.097681337462596440e+00,7.792135202160056506e-01,1.331787149622421396e+00,-3.398659178932764147e-01,1.904145724972933218e-01,1.239987989163033211e+00,-8.378115063122072437e-01,-9.240441477262614223e-01,8.797440327576766528e-01,0.000000000000000000e+00
-1.513762259083825557e+00,9.536465784437135884e-01,6.172771229668014836e-01,-3.180951646318526116e-01,1.737271110727232060e-01,7.405944725597702893e-01,-7.261549953386554623e-01,-1.637889466797729510e+00,-2.702712854040301704e-01,0.000000000000000000e+00
-1.428226664981442129e+00,9.427414114266903233e-01,4.386569320053441690e-01,-5.793930390162724819e-01,2.351131844365499449e-02,8.994924096608084563e-01,-1.116957825582579833e+00,-1.637889466797729510e+00,1.425480107866314017e-01,0.000000000000000000e+00
-1.660471795515683580e+00,5.611697167291376243e-01,-1.418781971592522617e-01,-1.003485638197471608e-01,-1.821688172041600190e-02,1.058390346761846734e+00,-6.144984843651035700e-01,-2.141776758764285749e+00,9.387124618216592387e-01,0.000000000000000000e+00
-1.376981837269037001e+00,8.882254991505069697e-01,3.493370822546854049e-01,-6.229443125885868460e-01,-5.994508188448699482e-02,8.767927043606602577e-01,-1.135572285914664636e+00,-1.805851897453248256e+00,1.425480107866314017e-01,0.000000000000000000e+00
-1.133326074027629637e+00,8.337195096832563657e-01,1.242467299871762298e+00,-4.487392182993291123e-01,2.404865033736494073e-01,1.239987989163033211e+00,-7.075405350065704368e-01,-7.560817170707425650e-01,5.258931656309976388e-01,0.000000000000000000e+00
-9.466744174316510385e-01,8.119190984581425852e-01,1.108502156650669423e+00,-7.318176129946395436e-01,3.072458956745756642e-01,1.262687694463181520e+00,-4.283942157361980696e-01,-5.881093088441974315e-01,7.912813159760069270e-01,0.000000000000000000e+00
-1.604939395582271278e+00,8.773302549424164543e-01,2.153719390335924466e-01,1.391687902537820931e-01,1.403426416209372640e-01,1.194588578562736370e+00,-5.772796473739196799e-01,-1.805851897453248256e+00,8.502497450399895129e-01,0.000000000000000000e+00
-1.077793674094217113e+00,8.773302549424164543e-01,1.376442197362785613e+00,-2.963244113704286975e-01,2.822147035377204349e-01,1.353486515663774759e+00,-6.331028610242026566e-01,-6.301049052935902006e-01,1.145132183102685941e+00,0.000000000000000000e+00
-9.609009156478078850e-01,6.374860402304346474e-01,1.197812252131398081e+00,-7.971396398283778773e-01,2.321427726613643217e-01,1.103789757362143353e+00,-2.795188677714623426e-01,-1.133992197260146773e+00,-1.523243540903691240e-01,0.000000000000000000e+00
-1.442541465600319928e+00,9.863521566858505230e-01,7.065969727174603587e-01,-3.834171914655908342e-01,1.319989109086522061e-01,9.221921149609568769e-01,-6.517173213562874601e-01,-1.595893870348336741e+00,8.357958172264885743e-02,0.000000000000000000e+00
-1.093482067644309996e+00,8.119190984581425852e-01,1.376442197362785613e+00,-2.310023845366904749e-01,2.154553112367941781e-01,1.058390346761846734e+00,-7.819782089889383281e-01,-8.400629323985019381e-01,5.258931656309976388e-01,0.000000000000000000e+00
-9.410230636575085406e-01,7.683083531989823856e-01,9.745272591596461087e-01,-6.664858191114345631e-01,2.655272421131502636e-01,1.239987989163033211e+00,-4.283942157361980696e-01,-8.400629323985019381e-01,3.489677320676581318e-01,0.000000000000000000e+00
-9.410230636575085406e-01,8.010139314411193201e-01,9.298722114192818911e-01,-7.318176129946395436e-01,2.989021649622905508e-01,1.262687694463181520e+00,-3.911753787450141240e-01,-8.400629323985019381e-01,4.963988779133103879e-01,0.000000000000000000e+00
-1.077793674094217113e+00,8.446246767002795197e-01,1.421097245103149831e+00,-2.745438910595381365e-01,2.571739647982195787e-01,1.466985042164516306e+00,-6.517173213562874601e-01,-7.560817170707425650e-01,1.086153680853007453e+00,0.000000000000000000e+00
-1.539379767250987907e+00,8.446246767002795197e-01,8.140679581249950225e-02,1.609493105646726818e-01,3.185504915594006281e-02,8.540929990605119482e-01,-2.050811937890945069e-01,-1.721870682125488772e+00,8.502497450399895129e-01,0.000000000000000000e+00
-1.498073865533732674e+00,1.019057734927987680e+00,7.065969727174603587e-01,-3.616464382041669756e-01,1.820708417850082639e-01,9.902912308614016945e-01,-5.028318897185659608e-01,-1.763866278574881763e+00,-1.523243540903691240e-01,0.000000000000000000e+00
-1.488134939538582779e+00,9.863521566858505230e-01,7.512520204578245764e-01,-3.398659178932764147e-01,1.069581721691513637e-01,8.540929990605119482e-01,-5.400608103827356787e-01,-1.595893870348336741e+00,-2.702712854040301704e-01,0.000000000000000000e+00
-1.620627789132364160e+00,7.465079419738687161e-01,8.140679581249950225e-02,3.133641174935731244e-01,1.570301030455074076e-01,1.444285336864367997e+00,-4.097898390770990384e-01,-1.847847493902641025e+00,1.204100612166668416e+00,0.000000000000000000e+00
-1.634854287348521007e+00,8.119190984581425852e-01,9.298722114192818911e-01,-4.487392182993291123e-01,1.820708417850082639e-01,6.497956513591771621e-01,-6.889361583474713502e-01,-1.763866278574881763e+00,2.460107947297037259e-02,0.000000000000000000e+00
-1.260167569847268521e+00,8.991306661675302347e-01,1.019192061169940766e+00,-1.656705906534854666e-01,8.192698003229613446e-02,8.994924096608084563e-01,-7.261549953386554623e-01,-1.008025363054020795e+00,8.207655305079981645e-01,0.000000000000000000e+00
-1.002295119767784293e+00,6.047804619882977128e-01,1.153157204391033863e+00,-8.406909134006923523e-01,2.404865033736494073e-01,1.171888873262588282e+00,-3.759138549227382387e-02,-6.721005017429831918e-01,-1.228401395583778588e-01,0.000000000000000000e+00
-1.006494389586070737e+00,6.156856290053208669e-01,1.108502156650669423e+00,-7.971396398283778773e-01,2.571739647982195787e-01,1.103789757362143353e+00,-5.620584582435877302e-02,-6.721005017429831918e-01,-9.334585184069066344e-02,0.000000000000000000e+00
-1.610600560734493758e+00,8.337195096832563657e-01,2.153719390335924466e-01,1.609493105646726818e-01,1.653833803604381203e-01,1.444285336864367997e+00,-5.958840240330186555e-01,-1.721870682125488772e+00,1.115637895384998801e+00,0.000000000000000000e+00
-1.610600560734493758e+00,7.683083531989823856e-01,1.599717436064606924e+00,-3.502653698600889653e-02,9.861444145686627805e-02,9.902912308614016945e-01,-6.703216980153865467e-01,-1.175987793709539542e+00,1.027175178603328964e+00,0.000000000000000000e+00
-1.093482067644309996e+00,8.119190984581425852e-01,1.108502156650669423e+00,-7.857781055832332995e-02,1.987583032095784075e-01,1.035690641461698425e+00,-6.517173213562874601e-01,-7.560817170707425650e-01,1.145132183102685941e+00,0.000000000000000000e+00
-1.087742411467446768e+00,7.901087644240961660e-01,1.287122347612126738e+00,-3.616464382041669756e-01,2.154553112367941781e-01,1.081090052061994822e+00,-7.075405350065704368e-01,-7.140861206213497958e-01,5.258931656309976388e-01,0.000000000000000000e+00
-9.965554635909210646e-01,6.592864514555484279e-01,7.512520204578245764e-01,-4.922904918716435319e-01,1.024940389368130589e+00,1.557783863365109545e+00,-2.795188677714623426e-01,-1.259969009037299026e+00,-7.125848693123789657e-01,0.000000000000000000e+00
-1.083454839246439594e+00,8.119190984581425852e-01,1.421097245103149831e+00,-2.527731377981143335e-01,2.071020339218634654e-01,9.448918202611050754e-01,-6.517173213562874601e-01,-7.140861206213497958e-01,9.092282472896678902e-01,0.000000000000000000e+00
-1.650532869520534129e+00,8.555199209083700351e-01,1.108502156650669423e+00,-4.269684650379052537e-01,1.904145724972933218e-01,6.497956513591771621e-01,-5.958840240330186555e-01,-1.763866278574881763e+00,2.460107947297037259e-02,0.000000000000000000e+00
-1.214574095909005669e+00,9.209410002015766539e-01,8.852171636789175624e-01,-2.310023845366904749e-01,7.358324932001106267e-02,9.675915255612534960e-01,-8.192071296531081570e-01,-1.050010981932387288e+00,4.963988779133103879e-01,0.000000000000000000e+00
-1.543667339471995525e+00,8.119190984581425852e-01,2.153719390335924466e-01,-3.502653698600889653e-02,9.027071074458120625e-02,1.035690641461698425e+00,-5.028318897185659608e-01,-1.511912655020577256e+00,1.440004547979686356e+00,0.000000000000000000e+00
-9.866165375957715034e-01,5.829701279542512937e-01,8.405621159385533447e-01,-7.535883662560634022e-01,3.489740958386466363e-01,1.126489462662291663e+00,-1.306435198067265879e-01,-5.881093088441974315e-01,2.460107947297037259e-02,0.000000000000000000e+00
-1.589260813410258155e+00,8.119190984581425852e-01,1.644382238074901581e+00,-1.221290841306377772e-01,4.019877986822514154e-02,1.035690641461698425e+00,-5.772796473739196799e-01,-1.217983390158932311e+00,1.204100612166668416e+00,0.000000000000000000e+00
-1.604939395582271278e+00,8.664250879253933002e-01,1.197812252131398081e+00,-4.051977117764814507e-01,2.071020339218634654e-01,7.632941778599187099e-01,-5.586651870418347654e-01,-1.679875085676096003e+00,2.310107275683011552e-01,0.000000000000000000e+00
-1.250140341449397896e+00,1.008152567910964414e+00,8.852171636789175624e-01,-1.325578372458505703e-02,1.069581721691513637e-01,9.448918202611050754e-01,-6.703216980153865467e-01,-7.980673359491091690e-01,1.027175178603328964e+00,0.000000000000000000e+00
-1.483847367317575605e+00,1.008152567910964414e+00,8.852171636789175624e-01,-2.092218642257998862e-01,2.071020339218634654e-01,9.448918202611050754e-01,-5.214463500506508753e-01,-1.679875085676096003e+00,2.460107947297037259e-02,0.000000000000000000e+00
-1.032210011534034244e+00,6.156856290053208669e-01,1.063847108910305206e+00,-8.189103930898016248e-01,3.155991729895063491e-01,1.126489462662291663e+00,-1.492478964658255913e-01,-6.721005017429831918e-01,-6.386163730869938437e-02,0.000000000000000000e+00
-9.609009156478078850e-01,5.611697167291376243e-01,7.959070681981889051e-01,-7.753591195174872608e-01,9.748684584917747253e-01,1.398885926264071156e+00,-1.678623567979105891e-01,-1.343950224365058510e+00,-6.831006547803876172e-01,0.000000000000000000e+00
-9.609009156478078850e-01,5.611697167291376243e-01,9.298722114192818911e-01,-7.318176129946395436e-01,3.823585652904325505e-01,1.126489462662291663e+00,-1.120290594746416873e-01,-5.881093088441974315e-01,2.460107947297037259e-02,0.000000000000000000e+00
-9.509619896526583238e-01,5.611697167291376243e-01,6.172771229668014836e-01,-6.664858191114345631e-01,9.748684584917747253e-01,1.557783863365109545e+00,-1.492478964658255913e-01,-1.259969009037299026e+00,-5.651537234667266540e-01,0.000000000000000000e+00
-1.575034315194101309e+00,9.645418226518041038e-01,1.063847108910305206e+00,-3.616464382041669756e-01,2.321427726613643217e-01,8.540929990605119482e-01,-5.958840240330186555e-01,-1.511912655020577256e+00,-2.407870708720388497e-01,0.000000000000000000e+00
-9.509619896526583238e-01,5.720748837461608893e-01,1.019192061169940766e+00,-5.793930390162724819e-01,4.407742268790736939e-01,1.103789757362143353e+00,-1.120290594746416873e-01,-5.041280935164380583e-01,2.460107947297037259e-02,0.000000000000000000e+00
-9.466744174316510385e-01,4.957585602448637552e-01,8.405621159385533447e-01,-6.011637922776963405e-01,1.083356050956771899e+00,1.376186220963923068e+00,1.824191183099504662e-02,-1.050010981932387288e+00,-5.946379379987178915e-01,0.000000000000000000e+00
-1.549406995648858754e+00,8.119190984581425852e-01,2.153719390335924466e-01,1.173980369923582484e-01,5.689578789544091214e-02,1.103789757362143353e+00,-4.842275130594669852e-01,-1.469927036142210541e+00,1.381026045730008089e+00,0.000000000000000000e+00
-1.610600560734493758e+00,9.100358331845533888e-01,1.197812252131398081e+00,-2.527731377981143335e-01,1.820708417850082639e-01,7.859938831600669085e-01,-5.772796473739196799e-01,-1.763866278574881763e+00,2.605050152859883505e-01,0.000000000000000000e+00
-1.230262489459098774e+00,9.427414114266903233e-01,6.619321707071658123e-01,-4.051977117764814507e-01,6.823857019084847431e-03,9.902912308614016945e-01,-8.378115063122072437e-01,-1.217983390158932311e+00,8.797440327576766528e-01,0.000000000000000000e+00
-8.754536239481454096e-01,5.938752949712744478e-01,1.063847108910305206e+00,-4.051977117764814507e-01,5.659492807686409277e-01,1.217288283862884901e+00,1.671172597957307493e-01,-3.781612593103120257e-01,1.130637962546401087e-01,0.000000000000000000e+00
-9.153074417095450332e-01,7.356027749568454510e-01,9.745272591596461087e-01,-3.180951646318526116e-01,1.108396789696272755e+00,1.943678853467630585e+00,-5.620584582435877302e-02,-1.092006578381780280e+00,-3.882282899033870915e-01,0.000000000000000000e+00
-9.309860238815579336e-01,5.502645497121144702e-01,7.512520204578245764e-01,-9.060129402344305749e-01,1.033284120080415924e+00,8.767927043606602577e-01,9.267958581336289969e-02,-8.820485512768685421e-01,-2.997655731217173658e-01,0.000000000000000000e+00
-1.569294659017238081e+00,9.754469896688272579e-01,1.421097245103149831e+00,1.827200638260965404e-01,8.192698003229613446e-02,1.012990936161550115e+00,-4.097898390770990384e-01,-1.259969009037299026e+00,1.469488762511677704e+00,0.000000000000000000e+00
-8.754536239481454096e-01,5.611697167291376243e-01,9.298722114192818911e-01,-5.576125187053818655e-01,1.116740520408557646e+00,1.398885926264071156e+00,-1.898700883317484822e-02,-8.820485512768685421e-01,-5.061752212170481657e-01,0.000000000000000000e+00
-1.565007086796230684e+00,9.209410002015766539e-01,2.046287422008110202e+00,-7.857781055832332995e-02,4.854251058051021334e-02,1.058390346761846734e+00,-5.772796473739196799e-01,-1.133992197260146773e+00,1.440004547979686356e+00,0.000000000000000000e+00
-8.954295897192457998e-01,5.502645497121144702e-01,1.063847108910305206e+00,-5.358417654439580069e-01,5.242306272072155826e-01,1.217288283862884901e+00,-3.725485010898989019e-04,-5.461236899658308275e-01,5.408529400496164818e-02,0.000000000000000000e+00
-1.529440841255838457e+00,8.119190984581425852e-01,1.707168912932281180e-01,2.044908170875203712e-01,1.236551801963671066e-01,8.994924096608084563e-01,1.824191183099504662e-02,-1.511912655020577256e+00,9.682067495393463785e-01,1.000000000000000000e+00
-9.010809434933880757e-01,7.356027749568454510e-01,9.745272591596461087e-01,-3.180951646318526116e-01,1.108396789696272755e+00,1.989078264067927426e+00,-1.120290594746416873e-01,-1.175987793709539542e+00,-3.292497876537086032e-01,1.000000000000000000e+00
-1.087742411467446768e+00,6.156856290053208669e-01,2.600269867739568030e-01,-9.060129402344305749e-01,8.914216047662782971e-01,2.866003665568042091e-01,-2.981333281035472571e-01,-7.980673359491091690e-01,-7.125848693123789657e-01,1.000000000000000000e+00
-8.811147891003678900e-01,7.901087644240961660e-01,1.331787149622421396e+00,-3.616464382041669756e-01,1.125084251120842760e+00,1.966378558767779117e+00,-3.725485010898989019e-04,-8.400629323985019381e-01,-2.702712854040301704e-01,1.000000000000000000e+00
-8.954295897192457998e-01,6.265808732134114933e-01,9.298722114192818911e-01,-5.793930390162724819e-01,1.125084251120842760e+00,1.353486515663774759e+00,5.546074882217897489e-02,-7.980673359491091690e-01,-3.292497876537086032e-01,1.000000000000000000e+00
-9.609009156478078850e-01,5.829701279542512937e-01,7.959070681981889051e-01,-9.277836934958544335e-01,1.049981128107631445e+00,7.859938831600669085e-01,9.267958581336289969e-02,-9.240441477262614223e-01,-5.061752212170481657e-01,1.000000000000000000e+00
-1.052087863524333589e+00,5.720748837461608893e-01,3.493370822546854049e-01,-9.060129402344305749e-01,9.331498049303491582e-01,3.773991877573974474e-01,-3.539565417538302339e-01,-5.881093088441974315e-01,-6.831006547803876172e-01,1.000000000000000000e+00
-9.965554635909210646e-01,6.374860402304346474e-01,6.172771229668014836e-01,-9.060129402344305749e-01,1.008252927943560584e+00,7.859938831600669085e-01,-3.759138549227382387e-02,-8.400629323985019381e-01,-9.334585184069066344e-02,1.000000000000000000e+00
-1.553606265467144976e+00,1.029952979136078195e+00,1.778347381295994456e+00,9.561751668146764582e-02,2.488302340859344930e-01,1.194588578562736370e+00,-6.331028610242026566e-01,-1.050010981932387288e+00,1.056669466321016104e+00,1.000000000000000000e+00
-9.965554635909210646e-01,6.265808732134114933e-01,5.279670274860728263e-01,-8.406909134006923523e-01,9.915654665189904682e-01,5.589968301585838129e-01,-9.342468281554268394e-02,-6.301049052935902006e-01,-1.818085686223604169e-01,1.000000000000000000e+00
-1.017885399537076241e+00,6.156856290053208669e-01,3.940018842649798958e-01,-8.189103930898016248e-01,9.414935356426342716e-01,6.497956513591771621e-01,-5.028318897185659608e-01,-5.461236899658308275e-01,-5.946379379987178915e-01,1.000000000000000000e+00
-8.397990760050321191e-01,8.991306661675302347e-01,1.599717436064606924e+00,-2.745438910595381365e-01,1.191853190024414699e+00,1.989078264067927426e+00,2.601693941101835272e-01,-5.881093088441974315e-01,-3.437742277670810531e-02,1.000000000000000000e+00
-1.037861365308176742e+00,6.265808732134114933e-01,5.279670274860728263e-01,-7.753591195174872608e-01,1.066668589532201894e+00,6.724953566593253607e-01,-4.470086760682829841e-01,-5.881093088441974315e-01,-4.471967189673696774e-01,1.000000000000000000e+00
-1.553606265467144976e+00,9.754469896688272579e-01,1.733692333555630238e+00,8.524736586305542083e-03,3.072458956745756642e-01,1.058390346761846734e+00,-2.609044074393773727e-01,-1.133992197260146773e+00,9.387124618216592387e-01,1.000000000000000000e+00
-1.012234045762933965e+00,6.265808732134114933e-01,5.279670274860728263e-01,-7.535883662560634022e-01,1.083356050956771899e+00,7.405944725597702893e-01,-3.911753787450141240e-01,-5.881093088441974315e-01,-4.177125044353783845e-01,1.000000000000000000e+00
-8.455485435599756627e-01,9.209410002015766539e-01,1.778347381295994456e+00,-1.438998373920616081e-01,1.075012320244486785e+00,1.966378558767779117e+00,1.857216364548297249e-01,-4.621424746380714543e-01,1.720422985043185971e-01,1.000000000000000000e+00
-9.965554635909210646e-01,6.265808732134114933e-01,3.940018842649798958e-01,-7.971396398283778773e-01,1.216884382161269818e+00,5.362971248584356143e-01,-4.283942157361980696e-01,-5.041280935164380583e-01,-3.882282899033870915e-01,1.000000000000000000e+00
-8.098939956168623722e-01,6.156856290053208669e-01,1.510407340583878488e+00,-4.269684650379052537e-01,8.580371353144923274e-01,1.535084158064961235e+00,5.020867927163861211e-01,-2.521844475331598279e-01,8.207655305079981645e-01,1.000000000000000000e+00
-7.942154134448494718e-01,6.483912072474579125e-01,1.421097245103149831e+00,-3.616464382041669756e-01,8.914216047662782971e-01,1.535084158064961235e+00,4.648679557252021755e-01,-1.262176133270337675e-01,6.143558824126673645e-01,1.000000000000000000e+00
-1.508012791528882124e+00,9.863521566858505230e-01,8.852171636789175624e-01,2.480420906598347908e-01,1.069581721691513637e-01,1.035690641461698425e+00,-3.353521650947312027e-01,-1.133992197260146773e+00,1.734876912856686770e+00,1.000000000000000000e+00
-9.866165375957715034e-01,6.592864514555484279e-01,4.833119797457085531e-01,-9.060129402344305749e-01,1.325371974626267102e+00,4.000988930575457569e-01,-4.656130527273820152e-01,-5.041280935164380583e-01,-3.882282899033870915e-01,1.000000000000000000e+00
-1.468168785145562705e+00,1.171680459121649198e+00,2.269572414979862174e+00,5.093399650442547166e-01,1.737271110727232060e-01,1.239987989163033211e+00,-1.120290594746416873e-01,-1.133992197260146773e+00,2.088727779983366339e+00,1.000000000000000000e+00
-1.553606265467144976e+00,1.226196371397832552e+00,1.778347381295994456e+00,4.440179382105164385e-01,1.653833803604381203e-01,1.308087105063477917e+00,-1.492478964658255913e-01,-8.400629323985019381e-01,1.616929981543025807e+00,1.000000000000000000e+00
-7.386830135114369478e-01,7.028971967147085165e-01,1.287122347612126738e+00,-3.180951646318526116e-01,1.083356050956771899e+00,1.625882979265554251e+00,5.207012530484710355e-01,-3.781612593103120257e-01,3.784519465996493692e-01,1.000000000000000000e+00
-8.042426418427199852e-01,7.792135202160056506e-01,1.287122347612126738e+00,-2.527731377981143335e-01,1.058324858819916781e+00,1.603183273965406164e+00,3.904302817428343397e-01,-5.881093088441974315e-01,2.310107275683011552e-01,1.000000000000000000e+00
-9.922678913699137793e-01,6.592864514555484279e-01,4.833119797457085531e-01,-8.406909134006923523e-01,1.425515836378979273e+00,3.773991877573974474e-01,-5.214463500506508753e-01,-5.461236899658308275e-01,-3.292497876537086032e-01,1.000000000000000000e+00
-9.965554635909210646e-01,5.720748837461608893e-01,4.833119797457085531e-01,-5.576125187053818655e-01,1.709259960212545559e+00,6.043962407588805430e-01,-5.586651870418347654e-01,-7.980673359491091690e-01,1.720422985043185971e-01,1.000000000000000000e+00
7.544909937440720249e-01,-4.091023863268799521e-01,-7.670683740642131321e-01,2.164210224396469151e+00,-7.525988368385412297e-01,-2.808922659469035299e-01,1.674505367121144506e+00,1.175506190609776569e+00,-9.484888051253969055e-01,1.000000000000000000e+00
-9.666405718246712242e-01,5.829701279542512937e-01,5.279670274860728263e-01,-3.180951646318526116e-01,1.842778744814397962e+00,5.816965354587322334e-01,-2.423000307802784248e-01,-4.621424746380714543e-01,2.605050152859883505e-01,1.000000000000000000e+00
-9.609009156478078850e-01,5.829701279542512937e-01,6.619321707071658123e-01,-4.487392182993291123e-01,1.750978613773970904e+00,6.951950619594737812e-01,-6.144984843651035700e-01,-7.140861206213497958e-01,8.357958172264885743e-02,1.000000000000000000e+00
-8.455485435599756627e-01,8.664250879253933002e-01,1.153157204391033863e+00,-3.502653698600889653e-02,1.951266337279395469e+00,4.681980089579906856e-01,-5.958840240330186555e-01,-7.980673359491091690e-01,-1.818085686223604169e-01,1.000000000000000000e+00
5.721170979910205068e-01,-2.011695565809455299e+00,5.726220752264372660e-01,-7.857781055832332995e-02,-2.121228431924725211e+00,-1.234279888553132531e+00,-2.423000307802784248e-01,1.257360102272707114e-01,-2.039525621037425296e+00,1.000000000000000000e+00
-7.999550696217128110e-01,8.446246767002795197e-01,1.063847108910305206e+00,-1.325578372458505703e-02,1.951266337279395469e+00,5.589968301585838129e-01,-6.331028610242026566e-01,-6.301049052935902006e-01,-9.334585184069066344e-02,1.000000000000000000e+00
7.202983411348948817e-01,-3.873019751017662271e-01,-9.010432715552362248e-01,2.447278852042312547e+00,-6.774957138253300259e-01,-2.127931500464586567e-01,1.655900990462045641e+00,1.343468621265295537e+00,-1.036951521907066631e+00,1.000000000000000000e+00
-9.410230636575085406e-01,5.393693055040239548e-01,4.833119797457085531e-01,-2.310023845366904749e-01,1.859466206238967967e+00,5.816965354587322334e-01,-3.167377047626462883e-01,-5.461236899658308275e-01,2.310107275683011552e-01,1.000000000000000000e+00
2.529627804231804888e-01,-1.706440194613199735e+00,-1.168973557997421864e+00,-1.254403594714012637e+00,-9.695740217685355766e-01,-1.529376057455060778e+00,-5.772796473739196799e-01,3.776796562105489419e-01,-1.597212037129076556e+00,1.000000000000000000e+00
4.125448448961405168e-01,-1.837262507581747251e+00,-1.258293407748080961e+00,-1.385057415430956063e+00,-9.028146294676094863e-01,-1.393177825654170698e+00,-4.656130527273820152e-01,6.296233021938272278e-01,-1.597212037129076556e+00,1.000000000000000000e+00
7.202983411348948817e-01,-4.200075533439031616e-01,-8.117234218045773497e-01,2.055336923990416231e+00,-7.442551061262561163e-01,-3.035919712470518395e-01,1.674505367121144506e+00,9.235625446264983385e-01,-1.007467307375075283e+00,1.000000000000000000e+00
-9.965554635909210646e-01,5.611697167291376243e-01,4.833119797457085531e-01,-7.100370926837489272e-01,1.525659698131691444e+00,3.773991877573974474e-01,-2.423000307802784248e-01,-6.301049052935902006e-01,-3.437742277670810531e-02,1.000000000000000000e+00
-9.210470978864083724e-01,5.393693055040239548e-01,4.386569320053441690e-01,-5.140710121825341483e-01,1.567387898295762527e+00,3.546994824572491378e-01,-1.898700883317484822e-02,-5.881093088441974315e-01,-3.437742277670810531e-02,1.000000000000000000e+00
-8.853925499432950819e-01,5.502645497121144702e-01,6.172771229668014836e-01,-5.140710121825341483e-01,1.717603690924830451e+00,5.135974195582871937e-01,2.043360967869146949e-01,-4.201468781886786297e-01,5.408529400496164818e-02,1.000000000000000000e+00
-9.410230636575085406e-01,6.047804619882977128e-01,4.833119797457085531e-01,-3.834171914655908342e-01,1.834435014102112849e+00,6.497956513591771621e-01,-4.470086760682829841e-01,-6.721005017429831918e-01,2.605050152859883505e-01,1.000000000000000000e+00
7.202983411348948817e-01,-1.760946184080450339e+00,-4.098182378713683405e-01,-1.232632841452588890e+00,-8.360552371666831739e-01,-1.665584333373339998e+00,-2.423000307802784248e-01,6.296233021938272278e-01,-2.540817707195452524e+00,1.000000000000000000e+00
5.037317927726662203e-01,-1.793651762322587384e+00,-3.651631901310040118e-01,-5.576125187053818655e-01,-8.193582291394674311e-01,-1.279679299153429151e+00,-3.539565417538302339e-01,1.091524975282017307e+00,-2.275429556850443014e+00,1.000000000000000000e+00
8.000844676823348767e-01,-4.309127203609263712e-01,-6.777582785834843637e-01,2.534381399186941941e+00,-6.607987057981141721e-01,-2.127931500464586567e-01,1.786161878094696398e+00,1.301483002386928822e+00,-9.779730196573881429e-01,1.000000000000000000e+00
6.405024032093747932e-01,-1.474577603897845035e-01,-3.205081423906397387e-01,1.946463623584363756e+00,-3.687203978549084549e-01,3.546994824572491378e-01,1.432577884841956140e+00,1.175506190609776569e+00,-4.766910066850568728e-01,1.000000000000000000e+00
1.142030616530266496e+00,2.559143455328820038e-01,3.493370822546854049e-01,9.883844402407798713e-01,2.321427726613643217e-01,-1.673937394461620098e-01,6.881910613452917325e-01,9.655481635048649425e-01,-6.831006547803876172e-01,1.000000000000000000e+00
-9.010809434933880757e-01,6.374860402304346474e-01,6.619321707071658123e-01,-5.576125187053818655e-01,1.709259960212545559e+00,5.816965354587322334e-01,9.267958581336289969e-02,-4.201468781886786297e-01,5.408529400496164818e-02,1.000000000000000000e+00
-8.954295897192457998e-01,6.810967854895948470e-01,5.279670274860728263e-01,-2.745438910595381365e-01,1.859466206238967967e+00,6.951950619594737812e-01,1.298984228045468314e-01,-1.682032322054003715e-01,4.079361611316406622e-01,1.000000000000000000e+00
-7.785270198947563669e-01,7.901087644240961660e-01,1.019192061169940766e+00,-5.679729024743273430e-02,1.926235145142539906e+00,8.767927043606602577e-01,-3.725710020859151483e-01,-5.881093088441974315e-01,1.130637962546401087e-01,1.000000000000000000e+00
6.405024032093747932e-01,-1.989895154584341297e+00,5.726220752264372660e-01,-1.874511109643760554e-01,-2.146259624061580329e+00,-1.302379004453577682e+00,-3.911753787450141240e-01,2.517028444333967441e-01,-1.921578689723764111e+00,1.000000000000000000e+00
7.316893510859006078e-01,-4.200075533439031616e-01,-1.035008414776328989e+00,1.946463623584363756e+00,-7.943270370026122018e-01,-3.489913818473484586e-01,1.562848856147592835e+00,1.007543759954257823e+00,-1.095930024156745120e+00,1.000000000000000000e+00
9.368648894971235430e-01,-4.854187098281770307e-01,-4.544732856117326691e-01,2.599703426020679942e+00,-6.524549750858291697e-01,-9.929462354571708116e-02,1.916432849400333316e+00,1.469445433042447569e+00,-7.125848693123789657e-01,1.000000000000000000e+00
7.202983411348948817e-01,-8.204660390551059279e-02,-2.311882926399809191e-01,1.946463623584363756e+00,-5.690081213603328525e-01,2.412009559565075623e-01,1.395359047850772249e+00,1.427449836593054799e+00,-4.177125044353783845e-01,1.000000000000000000e+00
1.119228973872095079e+00,2.232087672907450415e-01,2.600269867739568030e-01,1.227901794314309125e+00,4.854251058051021334e-02,-1.219943288458654046e-01,1.227869239553951664e+00,1.091524975282017307e+00,-5.356594357490394032e-01,1.000000000000000000e+00
-8.241204938330192187e-01,6.156856290053208669e-01,1.063847108910305206e+00,-2.310023845366904749e-01,1.926235145142539906e+00,9.221921149609568769e-01,-1.492478964658255913e-01,-1.682032322054003715e-01,2.899892298179796435e-01,1.000000000000000000e+00
-7.287342761382071821e-01,8.446246767002795197e-01,1.019192061169940766e+00,-5.679729024743273430e-02,1.884506944978468823e+00,6.043962407588805430e-01,-4.283942157361980696e-01,-3.781612593103120257e-01,-4.883135059020900400e-03,1.000000000000000000e+00
4.125448448961405168e-01,-1.804556929339610427e+00,-3.651631901310040118e-01,-5.793930390162724819e-01,-7.525988368385412297e-01,-1.393177825654170698e+00,-5.028318897185659608e-01,9.655481635048649425e-01,-2.157482625536781828e+00,1.000000000000000000e+00
7.772828250241633485e-01,-7.579685027822957721e-01,-9.456983192956004425e-01,1.706946269510834391e+00,-7.359113754139711139e-01,5.589968301585838129e-01,1.172046025903668687e+00,1.427449836593054799e+00,-1.095930024156745120e+00,1.000000000000000000e+00
7.886836463532491681e-01,-3.982071421187894367e-01,-1.035008414776328989e+00,1.881141596750625311e+00,-7.859833062903271994e-01,-3.716910871474967681e-01,1.674505367121144506e+00,9.655481635048649425e-01,-9.779730196573881429e-01,1.000000000000000000e+00
5.607162766619346872e-01,-7.114143688848738323e-02,-9.722314941888796080e-02,1.968244143895254483e+00,-4.438235208681197697e-01,1.504021347559143240e-01,1.358140210859588359e+00,1.385464217714688306e+00,-4.766910066850568728e-01,1.000000000000000000e+00
-8.954295897192457998e-01,6.265808732134114933e-01,5.279670274860728263e-01,-6.011637922776963405e-01,1.725947421637115786e+00,6.497956513591771621e-01,1.298984228045468314e-01,-4.621424746380714543e-01,1.130637962546401087e-01,1.000000000000000000e+00
-9.410230636575085406e-01,5.611697167291376243e-01,4.833119797457085531e-01,-3.398659178932764147e-01,1.851122475526683075e+00,5.135974195582871937e-01,-7.481022248345775560e-02,-4.621424746380714543e-01,2.015265130363098622e-01,1.000000000000000000e+00
8.342771202915120199e-01,-7.361680915571821027e-01,-9.010432715552362248e-01,2.011785650418102200e+00,-9.278553682071103426e-01,7.405944725597702893e-01,1.544244479488493971e+00,1.469445433042447569e+00,-1.125414238688736468e+00,1.000000000000000000e+00
6.974966984767233535e-01,-3.000804845834459389e-01,-4.098182378713683405e-01,1.750497543083148866e+00,-7.275676447016860005e-01,1.958015453562109431e-01,1.432577884841956140e+00,1.259487405937536053e+00,-4.471967189673696774e-01,1.000000000000000000e+00
-9.111081718912587002e-01,6.265808732134114933e-01,4.833119797457085531e-01,-4.487392182993291123e-01,1.659188029336189585e+00,4.227985983576940665e-01,1.824191183099504662e-02,-5.881093088441974315e-01,-4.883135059020900400e-03,1.000000000000000000e+00
-8.355213151621050383e-01,8.010139314411193201e-01,1.063847108910305206e+00,-1.003485638197471608e-01,1.909538137115323941e+00,9.448918202611050754e-01,-3.539565417538302339e-01,-5.041280935164380583e-01,1.425480107866314017e-01,1.000000000000000000e+00
-9.111081718912587002e-01,6.374860402304346474e-01,4.386569320053441690e-01,-5.358417654439580069e-01,1.801050544650327101e+00,6.724953566593253607e-01,1.112839624724618753e-01,-2.941800439825526525e-01,2.310107275683011552e-01,1.000000000000000000e+00
-7.643005216785995204e-01,8.119190984581425852e-01,1.108502156650669423e+00,9.561751668146764582e-02,1.976307076018896103e+00,8.767927043606602577e-01,-3.539565417538302339e-01,-4.201468781886786297e-01,2.310107275683011552e-01,1.000000000000000000e+00
5.949187406491919239e-01,-1.804556929339610427e+00,-4.544732856117326691e-01,-4.705197386102197843e-01,-7.859833062903271994e-01,-1.279679299153429151e+00,-3.911753787450141240e-01,9.235625446264983385e-01,-2.304913771382434362e+00,1.000000000000000000e+00
-9.153074417095450332e-01,6.810967854895948470e-01,5.726220752264372660e-01,-1.438998373920616081e-01,2.009681998868036334e+00,6.497956513591771621e-01,1.112839624724618753e-01,-3.781612593103120257e-01,1.425480107866314017e-01,2.000000000000000000e+00
-6.674622200279314299e-01,8.991306661675302347e-01,1.242467299871762298e+00,1.173980369923582484e-01,2.101482129908463392e+00,7.178947672596219798e-01,-2.050811937890945069e-01,-2.941800439825526525e-01,2.605050152859883505e-01,2.000000000000000000e+00
2.415717704721747905e-01,-1.695535027596176469e+00,-1.035008414776328989e+00,-1.189081567880274415e+00,-9.195020908921796021e-01,-1.506676352154912468e+00,-8.564259666442920471e-01,3.356840597611561172e-01,-1.538243608065093859e+00,2.000000000000000000e+00
6.974966984767233535e-01,-1.038470151306243178e-01,-2.758530946502754100e-01,1.990014897156678231e+00,-5.189361904839767670e-01,2.185012506563592527e-01,1.432577884841956140e+00,1.469445433042447569e+00,-5.061752212170481657e-01,2.000000000000000000e+00
1.062244489982826501e+00,-1.692581716148982007e-01,5.279670274860728263e-01,1.315004341458938075e+00,-2.685765361021963393e-01,-1.900934447463103194e-01,1.190650402562767773e+00,1.049539356403650592e+00,-5.651537234667266540e-01,2.000000000000000000e+00
7.772828250241633485e-01,-4.091023863268799521e-01,-3.205081423906397387e-01,1.576292448793891188e+00,-8.610864293035384032e-01,-1.446940341460137280e-01,1.637286530129960616e+00,1.133520571731410076e+00,-8.305418738117359423e-01,2.000000000000000000e+00
8.114754776333404918e-01,-4.527131315860400962e-01,-9.010432715552362248e-01,1.859370843489201564e+00,-6.524549750858291697e-01,-3.035919712470518395e-01,1.469796721833140030e+00,9.655481635048649425e-01,-1.036951521907066631e+00,2.000000000000000000e+00
6.860958771476376450e-01,3.788046485494663690e-02,-2.758530946502754100e-01,2.033566170728992706e+00,-1.100170127608430526e-01,5.589968301585838129e-01,1.860609635750050339e+00,1.133520571731410076e+00,-1.523243540903691240e-01,2.000000000000000000e+00
-7.087681217451869964e-01,9.209410002015766539e-01,1.197812252131398081e+00,5.207601015861997723e-02,2.051410199032107418e+00,6.043962407588805430e-01,-2.609044074393773727e-01,-3.781612593103120257e-01,8.357958172264885743e-02,2.000000000000000000e+00
5.721170979910205068e-01,-1.662829449354039646e+00,-1.258293407748080961e+00,-1.036656993901907242e+00,-6.774957138253300259e-01,-1.415877530954319230e+00,-6.889361583474713502e-01,5.876376833154606238e-01,-1.744653256160424659e+00,2.000000000000000000e+00
7.316893510859006078e-01,-1.880873252840907339e+00,-1.213638360007716521e+00,-1.254403594714012637e+00,-7.442551061262561163e-01,-1.642884628073191466e+00,-7.447593719977544380e-01,2.936984408827895132e-01,-2.599796209445131012e+00,2.000000000000000000e+00
9.140632468389520149e-01,-3.545963968596292926e-01,-7.224133263238488034e-01,2.098888197562730706e+00,-7.609425675508263431e-01,-3.035919712470518395e-01,1.748943041103512508e+00,1.259487405937536053e+00,-9.779730196573881429e-01,2.000000000000000000e+00
8.114754776333404918e-01,-4.091023863268799521e-01,-8.563784695449417894e-01,1.881141596750625311e+00,-7.359113754139711139e-01,-2.581925606467552203e-01,1.674505367121144506e+00,1.133520571731410076e+00,-1.066435736439057980e+00,2.000000000000000000e+00
9.710575421063006862e-01,-2.128689168740583448e-01,-3.651631901310040118e-01,1.968244143895254483e+00,-6.524549750858291697e-01,1.958015453562109431e-01,1.469796721833140030e+00,1.259487405937536053e+00,-6.241221525307092399e-01,2.000000000000000000e+00
-9.309860238815579336e-01,6.156856290053208669e-01,4.833119797457085531e-01,-1.874511109643760554e-01,1.926235145142539906e+00,6.043962407588805430e-01,5.546074882217897489e-02,-5.461236899658308275e-01,3.194734443499708809e-01,2.000000000000000000e+00
8.342771202915120199e-01,-1.782756518114496869e+00,-2.758530946502754100e-01,-6.229443125885868460e-01,-6.441112443735440563e-01,-1.370478120354022389e+00,-1.306435198067265879e-01,1.259487405937536053e+00,-2.069019908755112436e+00,2.000000000000000000e+00
8.114754776333404918e-01,-7.579685027822957721e-01,-8.563784695449417894e-01,1.815819569916887088e+00,-1.136486822424819465e+00,8.540929990605119482e-01,1.618682153470861751e+00,1.427449836593054799e+00,-1.066435736439057980e+00,2.000000000000000000e+00
8.912714155588605802e-01,-4.527131315860400962e-01,-4.991283333520969423e-01,1.968244143895254483e+00,-4.938954517444757997e-01,5.135974195582871937e-01,1.562848856147592835e+00,1.007543759954257823e+00,-6.536164402483963798e-01,2.000000000000000000e+00
-6.531474194090535201e-01,9.318362444096671693e-01,8.405621159385533447e-01,-7.857781055832332995e-02,2.093138399196178057e+00,5.816965354587322334e-01,-5.028318897185659608e-01,-6.301049052935902006e-01,5.408529400496164818e-02,2.000000000000000000e+00
9.140632468389520149e-01,-4.200075533439031616e-01,-2.758530946502754100e-01,1.946463623584363756e+00,-4.855517210321907973e-01,5.135974195582871937e-01,1.562848856147592835e+00,1.007543759954257823e+00,-5.651537234667266540e-01,2.000000000000000000e+00
5.949187406491919239e-01,-1.630123871111902600e+00,-9.722314941888796080e-02,-3.398659178932764147e-01,-1.495334069271597066e+00,-1.188880477952836134e+00,-5.586651870418347654e-01,7.136045175215867120e-01,-2.039525621037425296e+00,2.000000000000000000e+00
7.886836463532491681e-01,2.697529783792343080e-02,3.493370822546854049e-01,1.990014897156678231e+00,-5.272799211962617694e-01,9.221921149609568769e-01,1.860609635750050339e+00,9.655481635048649425e-01,1.720422985043185971e-01,2.000000000000000000e+00
7.202983411348948817e-01,-1.859062918806861031e+00,-1.526233448460196929e+00,-1.080208267474221495e+00,-7.692958448657570836e-01,-1.597485217472895069e+00,-8.192071296531081570e-01,4.175479489951128970e-02,-2.098504123287103784e+00,2.000000000000000000e+00
8.798705942297748717e-01,-5.399246992954277458e-01,-1.035008414776328989e+00,2.033566170728992706e+00,-9.612302910562505742e-01,-7.659491824556877160e-02,1.469796721833140030e+00,1.511431051920814284e+00,-1.066435736439057980e+00,2.000000000000000000e+00
6.974966984767233535e-01,-5.290294550873372303e-01,-9.010432715552362248e-01,1.532750942271043471e+00,-8.277115064543981715e-01,5.960331355532107883e-02,1.320921373868404469e+00,1.301483002386928822e+00,-1.066435736439057980e+00,2.000000000000000000e+00
-5.762752721514056153e-01,9.863521566858505230e-01,9.745272591596461087e-01,7.384676342004381500e-02,2.059753929744392309e+00,6.497956513591771621e-01,-4.097898390770990384e-01,-4.621424746380714543e-01,2.605050152859883505e-01,2.000000000000000000e+00
1.028042025995569153e+00,-4.309127203609263712e-01,-3.205081423906397387e-01,2.011785650418102200e+00,-4.605205288953355125e-01,3.773991877573974474e-01,1.823390798758866227e+00,1.175506190609776569e+00,-6.831006547803876172e-01,2.000000000000000000e+00
8.570689515716033435e-01,8.148128730517410767e-02,3.493370822546854049e-01,2.142439471135045181e+00,-7.025269059621852552e-01,9.448918202611050754e-01,2.288631302985158822e+00,9.655481635048649425e-01,-2.113028563400476401e-01,2.000000000000000000e+00
-6.731135738020737058e-01,8.773302549424164543e-01,8.852171636789175624e-01,-3.502653698600889653e-02,2.001338268155751443e+00,6.951950619594737812e-01,-3.725710020859151483e-01,-5.041280935164380583e-01,8.357958172264885743e-02,2.000000000000000000e+00
7.202983411348948817e-01,-2.066201555276705903e+00,-1.615543543940925586e+00,-1.232632841452588890e+00,-8.193582291394674311e-01,-1.642884628073191466e+00,-9.122491802945750239e-01,-3.361656628609192010e-01,-2.983131291103801264e+00,2.000000000000000000e+00
6.291113932583691781e-01,-1.771851351097473604e+00,-3.205081423906397387e-01,-5.140710121825341483e-01,-1.261661876314386976e+00,-1.256979593853280841e+00,-2.981333281035472571e-01,1.175506190609776569e+00,-2.599796209445131012e+00,2.000000000000000000e+00
7.430901724149863163e-01,-1.619228626903812085e+00,5.726220752264372660e-01,-1.221290841306377772e-01,-1.353462007354814034e+00,-8.937843090509079991e-01,-9.342468281554268394e-02,1.427449836593054799e+00,-1.331823886784067268e+00,2.000000000000000000e+00
6.519032245384605018e-01,-1.630123871111902600e+00,-7.670683740642131321e-01,-1.363276895120065335e+00,-7.525988368385412297e-01,-1.415877530954319230e+00,-9.494680172857590250e-01,6.716188986432201080e-01,-1.213876955470406305e+00,2.000000000000000000e+00
6.405024032093747932e-01,-1.706440194613199735e+00,6.619321707071658123e-01,-7.857781055832332995e-02,-1.161518014561674805e+00,-1.029982540851797745e+00,-5.400608103827356787e-01,9.655481635048649425e-01,-2.157482625536781828e+00,2.000000000000000000e+00
6.519032245384605018e-01,2.697529783792343080e-02,-9.722314941888796080e-02,2.098888197562730706e+00,-1.433919356099833398e-01,8.086935884602153291e-01,1.953651686391517206e+00,1.259487405937536053e+00,2.460107947297037259e-02,2.000000000000000000e+00
9.824583634353865058e-01,-4.636182986030633058e-01,-3.205081423906397387e-01,2.490830125614627022e+00,-5.523111133331169986e-01,8.230301885546938145e-02,2.139755955020422817e+00,1.553426648370207053e+00,-5.061752212170481657e-01,2.000000000000000000e+00
7.316893510859006078e-01,-1.597418292869765555e+00,-9.456983192956004425e-01,-1.297954868286327113e+00,-6.190800522366888270e-01,-1.347778415053874079e+00,-8.750303433033911338e-01,5.036564679877011397e-01,-1.213876955470406305e+00,2.000000000000000000e+00
8.798705942297748717e-01,-1.237656932206259164e+00,-1.079663462516693428e+00,1.576292448793891188e+00,-1.603821661736594351e+00,8.313932937603635276e-01,1.581463316479677861e+00,1.217501787059169338e+00,-1.184392740938414734e+00,2.000000000000000000e+00
8.684697729006890521e-01,-1.063223873978551337e+00,-9.903533670359647711e-01,2.011785650418102200e+00,-1.620509123161164355e+00,7.632941778599187099e-01,1.841995175417965314e+00,1.385464217714688306e+00,-1.066435736439057980e+00,2.000000000000000000e+00
6.519032245384605018e-01,2.697529783792343080e-02,3.046820345143210762e-01,2.011785650418102200e+00,-3.186484669785523693e-01,8.767927043606602577e-01,2.139755955020422817e+00,1.217501787059169338e+00,1.425480107866314017e-01,2.000000000000000000e+00
7.088975198058090621e-01,-1.630123871111902600e+00,3.046820345143210762e-01,-2.527731377981143335e-01,-1.395190207518884895e+00,-9.391837196512046182e-01,-5.620584582435877302e-02,1.469445433042447569e+00,-1.626706324846763696e+00,2.000000000000000000e+00
1.278811038345055051e+00,-1.365525933727612939e-01,1.707168912932281180e-01,1.380326368292676076e+00,-2.268483359381253395e-01,5.816965354587322334e-01,1.618682153470861751e+00,1.007543759954257823e+00,-2.113028563400476401e-01,2.000000000000000000e+00
-5.107156438201225779e-01,1.073563724395238284e+00,9.298722114192818911e-01,2.044908170875203712e-01,2.201625991661175785e+00,6.270959460590287415e-01,-3.539565417538302339e-01,-4.621424746380714543e-01,1.720422985043185971e-01,2.000000000000000000e+00
7.544909937440720249e-01,-1.597418292869765555e+00,-7.913053938159319081e-03,-2.527731377981143335e-01,-1.428565130368025127e+00,-1.211580183252984444e+00,-5.772796473739196799e-01,1.091524975282017307e+00,-2.039525621037425296e+00,2.000000000000000000e+00
1.028042025995569153e+00,-1.597418292869765555e+00,-3.205081423906397387e-01,8.359598662624128096e-01,-1.069717883521247748e+00,1.504021347559143240e-01,9.301185436244802096e-01,1.427449836593054799e+00,-3.882282899033870915e-01,2.000000000000000000e+00
8.456779416205977284e-01,-2.055306311068615610e+00,-1.302948455488445179e+00,-1.014886240640483495e+00,-6.274237829489739404e-01,-1.506676352154912468e+00,-6.144984843651035700e-01,5.456420868660677437e-01,-2.776721643008470686e+00,2.000000000000000000e+00
6.747048671966320299e-01,-1.793651762322587384e+00,-2.758530946502754100e-01,-3.180951646318526116e-01,-1.244974414889816750e+00,-1.120781362052390984e+00,-3.725710020859151483e-01,1.301483002386928822e+00,-2.422870775881791339e+00,2.000000000000000000e+00
5.379244453818433636e-01,-1.608323459886788820e+00,-8.117234218045773497e-01,-1.254403594714012637e+00,-8.193582291394674311e-01,-1.393177825654170698e+00,-1.005301314609027941e+00,7.136045175215867120e-01,-1.213876955470406305e+00,2.000000000000000000e+00
6.177105719292834696e-01,-1.597418292869765555e+00,2.153719390335924466e-01,1.391687902537820931e-01,-1.161518014561674805e+00,-9.618834249513529278e-01,-3.539565417538302339e-01,1.091524975282017307e+00,-1.803631758410103147e+00,2.000000000000000000e+00
9.140632468389520149e-01,-1.008717884511300733e+00,-9.903533670359647711e-01,2.273083524802521627e+00,-1.512021530696167071e+00,9.902912308614016945e-01,1.935047309732418119e+00,1.553426648370207053e+00,-8.895103028757184171e-01,2.000000000000000000e+00
8.798705942297748717e-01,-1.095929452220688161e+00,-1.213638360007716521e+00,1.554521695532467218e+00,-1.361805738067099147e+00,6.951950619594737812e-01,1.581463316479677861e+00,9.655481635048649425e-01,-1.066435736439057980e+00,2.000000000000000000e+00
1.085036321262917713e+00,-2.346693280991720698e-01,-9.722314941888796080e-02,1.402097121554100267e+00,-3.937515899917636286e-01,6.724953566593253607e-01,1.748943041103512508e+00,1.049539356403650592e+00,-1.523243540903691240e-01,2.000000000000000000e+00
7.088975198058090621e-01,-1.630123871111902600e+00,3.493370822546854049e-01,-2.092218642257998862e-01,-1.411877668943455122e+00,-8.937843090509079991e-01,-1.120290594746416873e-01,1.469445433042447569e+00,-1.567727822597085208e+00,2.000000000000000000e+00
6.633040458675462103e-01,-1.608323459886788820e+00,3.493370822546854049e-01,-2.092218642257998862e-01,-1.486980791956666437e+00,-1.234279888553132531e+00,-3.759138549227382387e-02,1.469445433042447569e+00,-1.479265105815415593e+00,2.000000000000000000e+00
1.062244489982826501e+00,-1.324868499915646813e+00,-9.722314941888796080e-02,9.448331666684655072e-01,-1.495334069271597066e+00,-5.532887295486832446e-01,5.207012530484710355e-01,1.721389079025726021e+00,-1.154898453220727594e+00,2.000000000000000000e+00
7.316893510859006078e-01,-1.651934205145948908e+00,-1.035008414776328989e+00,5.093399650442547166e-01,-1.303390076478457837e+00,-8.495802345123846383e-03,5.579200900396550367e-01,1.049539356403650592e+00,-8.895103028757184171e-01,2.000000000000000000e+00
8.114754776333404918e-01,-8.887908157508436213e-01,-1.168973557997421864e+00,1.706946269510834391e+00,-1.228277406862600785e+00,6.497956513591771621e-01,1.507015558824323920e+00,1.385464217714688306e+00,-1.036951521907066631e+00,2.000000000000000000e+00
9.482558994481291581e-01,-2.011695565809455299e+00,-1.302948455488445179e+00,-9.277836934958544335e-01,-5.690081213603328525e-01,-1.461276941554615627e+00,-4.470086760682829841e-01,6.716188986432201080e-01,-2.806205857540461590e+00,2.000000000000000000e+00
9.938493733863920099e-01,-1.586513125852742512e+00,-2.311882926399809191e-01,1.010155193502203508e+00,-1.002958491220321546e+00,1.958015453562109431e-01,1.023160594265946965e+00,1.469445433042447569e+00,-5.061752212170481657e-01,2.000000000000000000e+00
8.000844676823348767e-01,-1.521101969368468643e+00,-9.010432715552362248e-01,6.835352922840457479e-01,-1.228277406862600785e+00,1.504021347559143240e-01,5.765345503717399511e-01,1.259487405937536053e+00,-8.895103028757184171e-01,2.000000000000000000e+00
5.151228027236718354e-01,3.788046485494663690e-02,1.260618435528638170e-01,2.403727578469998516e+00,-5.439673826208318852e-01,7.632941778599187099e-01,2.065318281038055037e+00,1.175506190609776569e+00,8.357958172264885743e-02,2.000000000000000000e+00
5.037317927726662203e-01,-2.753069162932724259e-02,1.707168912932281180e-01,2.120658950824154676e+00,-4.772079903199056838e-01,1.012990936161550115e+00,1.953651686391517206e+00,9.235625446264983385e-01,2.310107275683011552e-01,2.000000000000000000e+00
9.254640681680377234e-01,3.788046485494663690e-02,2.600269867739568030e-01,2.142439471135045181e+00,-4.772079903199056838e-01,1.126489462662291663e+00,2.307235679644257687e+00,8.815669481771054583e-01,-3.292497876537086032e-01,2.000000000000000000e+00
-5.463701917632358684e-01,1.128069713862488888e+00,7.065969727174603587e-01,8.524736586305542083e-03,1.650834752021258733e+00,4.681980089579906856e-01,-2.050811937890945069e-01,-4.621424746380714543e-01,2.605050152859883505e-01,2.000000000000000000e+00
8.684697729006890521e-01,-9.542019722351174904e-01,-9.456983192956004425e-01,2.207761497968783626e+00,-1.503677799983882180e+00,9.221921149609568769e-01,1.935047309732418119e+00,1.511431051920814284e+00,-7.715633715620574540e-01,2.000000000000000000e+00
8.342771202915120199e-01,-8.124744922495464872e-01,-8.563784695449417894e-01,1.685165749199943885e+00,-1.378493199491669152e+00,7.405944725597702893e-01,1.693119827453229753e+00,1.553426648370207053e+00,-1.154898453220727594e+00,2.000000000000000000e+00
9.938493733863920099e-01,-3.109856516004691485e-01,8.140679581249950225e-02,1.619843722366205441e+00,-6.774957138253300259e-01,6.951950619594737812e-01,1.935047309732418119e+00,1.007543759954257823e+00,-2.997655731217173658e-01,2.000000000000000000e+00
9.482558994481291581e-01,-2.000790398792431812e+00,-1.436913598709538054e+00,-1.036656993901907242e+00,-7.275676447016860005e-01,-1.438577236254467318e+00,-4.470086760682829841e-01,5.456420868660677437e-01,-2.894668574322131427e+00,2.000000000000000000e+00
-5.263942259921354783e-01,1.117174469654398372e+00,8.405621159385533447e-01,1.609493105646726818e-01,2.176594799524320223e+00,5.362971248584356143e-01,-2.236855704481934548e-01,-4.201468781886786297e-01,1.720422985043185971e-01,2.000000000000000000e+00
5.151228027236718354e-01,5.968087608006036882e-02,3.674199380220499744e-02,2.556152152448365467e+00,-2.602328053899112259e-01,1.012990936161550115e+00,2.065318281038055037e+00,1.343468621265295537e+00,5.408529400496164818e-02,2.000000000000000000e+00
9.254640681680377234e-01,-2.131612711760979550e+00,-1.526233448460196929e+00,-1.167310814618850445e+00,-8.193582291394674311e-01,-1.529376057455060778e+00,-7.075405350065704368e-01,-2.101988286547931961e-01,-2.806205857540461590e+00,3.000000000000000000e+00
7.088975198058090621e-01,-1.521101969368468643e+00,-1.347603503228809396e+00,-1.885872643888905076e+00,-1.345118276642528699e+00,-1.393177825654170698e+00,-1.098353448923480746e+00,-6.721005017429831918e-01,-1.685674753910746171e+00,3.000000000000000000e+00
8.684697729006890521e-01,-8.124744922495464872e-01,-8.563784695449417894e-01,2.098888197562730706e+00,-1.345118276642528699e+00,6.951950619594737812e-01,1.804776338426781424e+00,1.427449836593054799e+00,-1.508749320347406719e+00,3.000000000000000000e+00
-4.750610958770092318e-01,1.106269302637375107e+00,5.726220752264372660e-01,8.524736586305542083e-03,1.534003428843976558e+00,4.454983036578423761e-01,-1.492478964658255913e-01,-5.041280935164380583e-01,2.605050152859883505e-01,3.000000000000000000e+00
9.254640681680377234e-01,-1.641029038128925865e+00,-1.481578400719832711e+00,-1.885872643888905076e+00,-1.236630684177531636e+00,-1.347778415053874079e+00,-1.451937442176221005e+00,1.677216291056372877e-01,-1.213876955470406305e+00,3.000000000000000000e+00
1.016651016044563649e+00,-1.673734616371062689e+00,-1.481578400719832711e+00,2.262713373984109599e-01,-1.345118276642528699e+00,2.866003665568042091e-01,7.254098983364756226e-01,1.385464217714688306e+00,-8.010475860940486914e-01,3.000000000000000000e+00
6.291113932583691781e-01,-1.412089990433967213e+00,-1.079663462516693428e+00,-1.711667549599647398e+00,-1.186558753301175662e+00,-1.393177825654170698e+00,-9.680824776178439395e-01,-5.881093088441974315e-01,-1.538243608065093859e+00,3.000000000000000000e+00
6.177105719292834696e-01,-1.532007136385491686e+00,3.493370822546854049e-01,4.657886914719402416e-01,-1.194902484013460775e+00,-1.029982540851797745e+00,-3.539565417538302339e-01,1.301483002386928822e+00,-2.157482625536781828e+00,3.000000000000000000e+00
1.005250194715477718e+00,-8.996959827678667754e-01,-8.563784695449417894e-01,2.011785650418102200e+00,-1.320077537903028064e+00,6.497956513591771621e-01,1.767557501435597533e+00,1.511431051920814284e+00,-1.449780891283424022e+00,3.000000000000000000e+00
3.256454692406220985e-01,-5.617350333294741649e-01,-2.062103775614499312e+00,-8.624616666621160999e-01,-4.187923287312645404e-01,-1.188880477952836134e+00,-1.433322981844135979e+00,-7.980673359491091690e-01,8.502497450399895129e-01,3.000000000000000000e+00
9.482558994481291581e-01,-1.444795568676104036e+00,-9.903533670359647711e-01,-1.624574769504485205e+00,-1.086414891548463491e+00,-1.529376057455060778e+00,-1.340280931202669112e+00,-3.361656628609192010e-01,-1.095930024156745120e+00,3.000000000000000000e+00
1.039442847324654862e+00,-1.684639783388085954e+00,-1.347603503228809396e+00,2.915933642321492658e-01,-1.353462007354814034e+00,3.319997771571008283e-01,7.626287353276596237e-01,1.427449836593054799e+00,-7.125848693123789657e-01,3.000000000000000000e+00
9.482558994481291581e-01,-1.532007136385491686e+00,-1.168973557997421864e+00,-1.755218823171961873e+00,-1.161518014561674805e+00,-1.642884628073191466e+00,-1.544979492817687872e+00,-1.682032322054003715e-01,-1.095930024156745120e+00,3.000000000000000000e+00
8.114754776333404918e-01,-1.575617881644651996e+00,-1.392258550969173614e+00,-1.581023495932170730e+00,-9.028146294676094863e-01,-1.347778415053874079e+00,-1.061134611932296856e+00,4.196652750889155459e-01,-1.213876955470406305e+00,3.000000000000000000e+00
1.267410217015969343e+00,-1.368479245174807124e+00,-4.991283333520969423e-01,1.293223821148047570e+00,-1.044686691384392407e+00,-7.659491824556877160e-02,1.097608351921300907e+00,1.889351509681244989e+00,-7.715633715620574540e-01,3.000000000000000000e+00
3.854556300169618144e-01,-4.963238768452003513e-01,-2.062103775614499312e+00,-1.036656993901907242e+00,-6.023830442094730842e-01,-1.302379004453577682e+00,-1.154176662573763723e+00,-5.461236899658308275e-01,8.207655305079981645e-01,3.000000000000000000e+00
2.643636017522661974e-01,-6.162410227967248799e-01,-1.794173489172313118e+00,-1.014886240640483495e+00,-4.020953207040487420e-01,-1.302379004453577682e+00,-1.210009959897032417e+00,-7.560817170707425650e-01,6.438400969446586020e-01,3.000000000000000000e+00
9.710575421063006862e-01,-1.521101969368468643e+00,-1.302948455488445179e+00,-1.842321370316590601e+00,-1.295046345766172724e+00,-1.302379004453577682e+00,-1.284447633879400419e+00,4.175479489951128970e-02,-1.213876955470406305e+00,3.000000000000000000e+00
-3.995625415505765221e-01,1.160775292104625933e+00,6.172771229668014836e-01,-2.527731377981143335e-01,1.175156181997198956e+00,3.773991877573974474e-01,-2.236855704481934548e-01,-5.041280935164380583e-01,-6.386163730869938437e-02,3.000000000000000000e+00
-4.195286959435967633e-01,1.095364135620352064e+00,7.512520204578245764e-01,-2.963244113704286975e-01,1.166812451284913843e+00,3.773991877573974474e-01,-2.981333281035472571e-01,-5.041280935164380583e-01,-2.997655731217173658e-01,3.000000000000000000e+00
-4.095897699484471466e-01,1.171680459121649198e+00,1.197812252131398081e+00,-5.679729024743273430e-02,1.183499912709484070e+00,1.958015453562109431e-01,2.415549337780986405e-01,-5.041280935164380583e-01,2.310107275683011552e-01,3.000000000000000000e+00
-3.639962960101842948e-01,1.160775292104625933e+00,1.108502156650669423e+00,-3.502653698600889653e-02,1.175156181997198956e+00,8.230301885546938145e-02,3.159926077604664485e-01,-4.621424746380714543e-01,1.720422985043185971e-01,3.000000000000000000e+00
-5.178288929282010011e-01,1.237091615605923067e+00,8.405621159385533447e-01,2.698226109707254627e-01,7.829340123012810126e-01,3.319997771571008283e-01,4.648679557252021755e-01,-4.201468781886786297e-01,-6.386163730869938437e-02,3.000000000000000000e+00
4.350948116903027851e-02,-3.327860628255829289e-01,-1.928138632393405993e+00,-6.229443125885868460e-01,-2.351920666504103974e-01,-1.120781362052390984e+00,-7.633738323298393524e-01,-4.621424746380714543e-01,4.963988779133103879e-01,3.000000000000000000e+00
3.099570756905290492e-01,-6.489466010388618145e-01,-1.883483584653041554e+00,-9.713349670681687975e-01,-5.105829131690460265e-01,-1.143481067352539293e+00,-1.526375116158588785e+00,-7.560817170707425650e-01,7.617870282583196762e-01,3.000000000000000000e+00
1.210415921748620782e+00,-1.499301558143354862e+00,-2.311882926399809191e-01,1.293223821148047570e+00,-9.445428296316804584e-01,5.960331355532107883e-02,9.673373806156642107e-01,1.553426648370207053e+00,-5.356594357490394032e-01,3.000000000000000000e+00
3.170703247986075279e-01,-5.835354445545878344e-01,-1.883483584653041554e+00,-9.495642138067450500e-01,-3.269921976908374273e-01,-1.166180772652687603e+00,-1.396104144852952089e+00,-7.140861206213497958e-01,9.976909640713377270e-01,3.000000000000000000e+00
-4.095897699484471466e-01,1.106269302637375107e+00,7.065969727174603587e-01,-2.310023845366904749e-01,1.175156181997198956e+00,4.000988930575457569e-01,-2.981333281035472571e-01,-5.041280935164380583e-01,-2.113028563400476401e-01,3.000000000000000000e+00
9.368648894971235430e-01,-1.728240605838313515e+00,-1.079663462516693428e+00,7.270865658563601119e-01,-1.378493199491669152e+00,3.546994824572491378e-01,1.116212728580399771e+00,1.847365890802878274e+00,-7.715633715620574540e-01,3.000000000000000000e+00
1.301602869625146486e+00,-1.455690812884194552e+00,-1.079663462516693428e+00,-1.602794249193594478e+00,-1.178205475986244810e+00,-1.665584333373339998e+00,-1.396104144852952089e+00,8.395813292987388543e-01,-5.651537234667266540e-01,3.000000000000000000e+00
1.039442847324654862e+00,-1.750050939872359823e+00,-1.168973557997421864e+00,6.835352922840457479e-01,-1.378493199491669152e+00,3.546994824572491378e-01,1.097608351921300907e+00,1.721389079025726021e+00,-6.831006547803876172e-01,3.000000000000000000e+00
8.456779416205977284e-01,-1.608323459886788820e+00,-1.392258550969173614e+00,-1.537472222359856477e+00,-8.277115064543981715e-01,-1.347778415053874079e+00,-1.023905691268126805e+00,5.036564679877011397e-01,-1.154898453220727594e+00,3.000000000000000000e+00
1.107837963921089353e+00,-1.695535027596176469e+00,-1.035008414776328989e+00,6.835352922840457479e-01,-1.345118276642528699e+00,4.681980089579906856e-01,9.115040832923952951e-01,1.637407863697966759e+00,-6.831006547803876172e-01,3.000000000000000000e+00
-3.283417480670710042e-01,1.160775292104625933e+00,1.108502156650669423e+00,3.029548984772937811e-02,1.216884382161269818e+00,4.000988930575457569e-01,6.137533873629238412e-01,-3.361656628609192010e-01,3.194734443499708809e-01,3.000000000000000000e+00
3.028438265824506259e-01,-6.489466010388618145e-01,-1.838828536912677336e+00,-9.495642138067450500e-01,-5.523111133331169986e-01,-1.143481067352539293e+00,-1.451937442176221005e+00,-6.301049052935902006e-01,8.797440327576766528e-01,3.000000000000000000e+00
-3.226020918902077206e-01,1.128069713862488888e+00,7.065969727174603587e-01,-3.502653698600889653e-02,1.392131366927193303e+00,4.681980089579906856e-01,-5.620584582435877302e-02,-3.781612593103120257e-01,2.460107947297037259e-02,3.000000000000000000e+00
-3.382806740622206765e-01,1.247996782622946110e+00,1.108502156650669423e+00,-5.679729024743273430e-02,1.150124989860343838e+00,2.639006612566558996e-01,4.648679557252021755e-01,-4.201468781886786297e-01,2.899892298179796435e-01,3.000000000000000000e+00
3.484373005207134777e-01,-6.053358557797016148e-01,-1.928138632393405993e+00,-9.495642138067450500e-01,-4.438235208681197697e-01,-1.211580183252984444e+00,-1.228614336556131503e+00,-5.881093088441974315e-01,7.617870282583196762e-01,3.000000000000000000e+00
-1.915613262522824489e-01,1.215291204380809287e+00,1.197812252131398081e+00,5.207601015861997723e-02,1.225228112873554931e+00,1.731018400560626336e-01,1.485027994636458071e-01,-3.781612593103120257e-01,1.425480107866314017e-01,3.000000000000000000e+00
-2.314151440136819893e-01,1.204386037363786022e+00,1.376442197362785613e+00,8.524736586305542083e-03,1.241915574298125158e+00,1.504021347559143240e-01,1.298984228045468314e-01,-3.361656628609192010e-01,2.015265130363098622e-01,3.000000000000000000e+00
1.267410217015969343e+00,-1.466595979901217817e+00,-1.035008414776328989e+00,-1.646345522765909175e+00,-1.178205475986244810e+00,-1.665584333373339998e+00,-1.358885307861768199e+00,1.049539356403650592e+00,-8.895103028757184171e-01,3.000000000000000000e+00
-2.670696919567951966e-01,1.247996782622946110e+00,1.153157204391033863e+00,1.391687902537820931e-01,1.266956313037626014e+00,3.093000718569525187e-01,2.043360967869146949e-01,-3.781612593103120257e-01,4.963988779133103879e-01,3.000000000000000000e+00
-2.171886457975251150e-01,1.226196371397832552e+00,9.298722114192818911e-01,1.391687902537820931e-01,1.191853190024414699e+00,3.546994824572491378e-01,1.112839624724618753e-01,-4.201468781886786297e-01,2.015265130363098622e-01,3.000000000000000000e+00
-2.314151440136819893e-01,1.117174469654398372e+00,7.959070681981889051e-01,-1.874511109643760554e-01,1.216884382161269818e+00,4.000988930575457569e-01,-2.236855704481934548e-01,-4.201468781886786297e-01,-1.523243540903691240e-01,3.000000000000000000e+00
-2.314151440136819893e-01,1.226196371397832552e+00,9.745272591596461087e-01,2.262713373984109599e-01,1.175156181997198956e+00,3.319997771571008283e-01,1.485027994636458071e-01,-3.361656628609192010e-01,3.489677320676581318e-01,3.000000000000000000e+00
-2.314151440136819893e-01,1.291607527882106421e+00,1.331787149622421396e+00,1.391687902537820931e-01,1.275300043749911127e+00,2.185012506563592527e-01,2.043360967869146949e-01,-3.361656628609192010e-01,4.079361611316406622e-01,3.000000000000000000e+00
-3.440301416171640536e-01,1.237091615605923067e+00,1.019192061169940766e+00,5.093399650442547166e-01,9.665247277794897229e-01,5.135974195582871937e-01,6.323577640220229279e-01,-3.361656628609192010e-01,2.605050152859883505e-01,3.000000000000000000e+00
-1.530811014220980204e-01,7.465079419738687161e-01,8.140679581249950225e-02,6.835352922840457479e-01,3.573178265509316942e-01,-7.121866666497214116e-01,1.507015558824323920e+00,6.296233021938272278e-01,6.438400969446586020e-01,3.000000000000000000e+00
3.639623206095181362e-02,-4.934102566337365131e-02,-5.884481831027558174e-01,-1.167310814618850445e+00,4.324304961667885805e-01,-1.415877530954319230e+00,-2.795188677714623426e-01,-7.980673359491091690e-01,8.357958172264885743e-02,3.000000000000000000e+00
1.731766538757404106e-01,-2.019637498570351353e-01,-1.347603503228809396e+00,-4.487392182993291123e-01,1.069581721691513637e-01,-1.120781362052390984e+00,-3.539565417538302339e-01,-2.408015498815380768e-04,1.086153680853007453e+00,3.000000000000000000e+00
1.324404512283317903e+00,-1.455690812884194552e+00,-1.035008414776328989e+00,-1.515701469098432508e+00,-1.161518014561674805e+00,-1.710983743973636617e+00,-1.247228796888216529e+00,8.815669481771054583e-01,-9.190045905934056680e-01,3.000000000000000000e+00
4.695293287854090947e-01,-4.963238768452003513e-01,-1.749508687162018683e+00,-1.123759541046536192e+00,-4.438235208681197697e-01,-1.438577236254467318e+00,-1.396104144852952089e+00,-6.301049052935902006e-01,1.498983050229365066e+00,3.000000000000000000e+00
2.030915456419903897e-01,9.238645432219730336e-02,-9.010432715552362248e-01,-1.058437514212797748e+00,1.516758773136992443e-02,-1.325078709753725770e+00,-6.144984843651035700e-01,-1.050010981932387288e+00,9.682067495393463785e-01,3.000000000000000000e+00
1.267410217015969343e+00,-1.215846598172212856e+00,-1.258293407748080961e+00,-1.428598921953803558e+00,-1.253318145602101863e+00,-1.597485217472895069e+00,-1.247228796888216529e+00,7.136045175215867120e-01,-8.600260883437271797e-01,3.000000000000000000e+00
-3.995625415505765221e-01,1.062658557378215018e+00,6.619321707071658123e-01,8.524736586305542083e-03,1.575731629008047419e+00,4.908977142581389952e-01,-7.481022248345775560e-02,-4.201468781886786297e-01,1.720422985043185971e-01,3.000000000000000000e+00
2.187701278140032901e-01,5.174886612809699755e-03,-8.117234218045773497e-01,-1.058437514212797748e+00,3.185504915594006281e-02,-1.256979593853280841e+00,-7.819782089889383281e-01,-1.092006578381780280e+00,9.387124618216592387e-01,3.000000000000000000e+00
7.488626826921633561e-02,-3.843585864635044869e-02,-5.437833810924612710e-01,-9.495642138067450500e-01,4.240867654545035781e-01,-1.483976646854763937e+00,-1.678623567979105891e-01,-8.400629323985019381e-01,5.408529400496164818e-02,3.000000000000000000e+00
1.346964290455560376e-01,-2.019637498570351353e-01,-1.213638360007716521e+00,-3.398659178932764147e-01,7.358324932001106267e-02,-1.120781362052390984e+00,-5.586651870418347654e-01,-5.041280935164380583e-01,9.092282472896678902e-01,3.000000000000000000e+00
-9.326112926767823885e-02,7.683083531989823856e-01,1.707168912932281180e-01,7.488573191177839705e-01,3.990460267150026663e-01,-5.986881401489798638e-01,1.637286530129960616e+00,5.876376833154606238e-01,5.553773801629888762e-01,3.000000000000000000e+00
1.574980717037275102e-01,2.697529783792343080e-02,-5.437833810924612710e-01,-9.277836934958544335e-01,2.905584342500054373e-01,-1.256979593853280841e+00,-3.167377047626462883e-01,-7.560817170707425650e-01,3.194734443499708809e-01,3.000000000000000000e+00
1.731766538757404106e-01,8.148128730517410767e-02,-9.456983192956004425e-01,-8.624616666621160999e-01,5.689578789544091214e-02,-1.279679299153429151e+00,-4.470086760682829841e-01,-7.560817170707425650e-01,1.204100612166668416e+00,3.000000000000000000e+00
4.923309714435805118e-01,-4.963238768452003513e-01,-1.794173489172313118e+00,-8.624616666621160999e-01,-4.104485980189794270e-01,-1.302379004453577682e+00,-1.247228796888216529e+00,-6.301049052935902006e-01,1.322057616666025393e+00,3.000000000000000000e+00
7.488626826921633561e-02,1.687027778234943820e-01,-1.079663462516693428e+00,-4.487392182993291123e-01,-9.873151008130930106e-03,-1.279679299153429151e+00,-5.214463500506508753e-01,-2.941800439825526525e-01,1.056669466321016104e+00,3.000000000000000000e+00
-9.187430499230944680e-03,1.577976108064711724e-01,-1.258293407748080961e+00,-7.318176129946395436e-01,-6.828881259677206661e-02,-1.302379004453577682e+00,-5.958840240330186555e-01,-5.461236899658308275e-01,9.682067495393463785e-01,3.000000000000000000e+00
-9.187430499230944680e-03,1.032916213392205129e-01,-1.124318510257057646e+00,-1.656705906534854666e-01,2.351131844365499449e-02,-1.256979593853280841e+00,-2.236855704481934548e-01,-1.262176133270337675e-01,1.204100612166668416e+00,3.000000000000000000e+00
2.071764988893889589e-02,8.228143426662331006e-01,1.260618435528638170e-01,8.141891130009889510e-01,3.990460267150026663e-01,-5.759884348488316652e-01,1.823390798758866227e+00,5.456420868660677437e-01,6.143558824126673645e-01,3.000000000000000000e+00
8.198970599921467928e-02,9.318362444096671693e-01,2.600269867739568030e-01,8.795111398347272846e-01,5.075336191799998398e-01,-5.078893189483866255e-01,1.525630019156408945e+00,-4.222642042824813202e-02,6.438400969446586020e-01,3.000000000000000000e+00
-3.967270532854252907e-01,1.422429840850653937e+00,1.153157204391033863e+00,4.440179382105164385e-01,1.233571843585840266e+00,4.227985983576940665e-01,9.673373806156642107e-01,-3.361656628609192010e-01,9.092282472896678902e-01,3.000000000000000000e+00
1.047913486573861797e-01,1.468924437894479629e-01,-9.010432715552362248e-01,-9.060129402344305749e-01,5.689578789544091214e-02,-1.211580183252984444e+00,-1.492478964658255913e-01,-6.301049052935902006e-01,1.204100612166668416e+00,3.000000000000000000e+00
-3.967270532854252907e-01,1.444230252075767718e+00,1.019192061169940766e+00,4.440179382105164385e-01,1.208540651448984926e+00,4.454983036578423761e-01,9.859417572747630754e-01,-4.201468781886786297e-01,4.669146633813190950e-01,3.000000000000000000e+00
-2.670696919567951966e-01,1.204386037363786022e+00,3.940018842649798958e-01,5.528912386165691917e-01,7.078213426854240709e-01,8.230301885546938145e-02,1.190650402562767773e+00,-2.941800439825526525e-01,7.912813159760069270e-01,4.000000000000000000e+00
6.063097506001976500e-01,-4.963238768452003513e-01,-1.526233448460196929e+00,-4.269684650379052537e-01,-3.019514589513366265e-01,-1.188880477952836134e+00,-1.265833173547315393e+00,-5.881093088441974315e-01,1.498983050229365066e+00,4.000000000000000000e+00
1.275831799374775588e-01,8.991306661675302347e-01,2.600269867739568030e-01,7.488573191177839705e-01,4.908461577554296684e-01,-4.397902030479416968e-01,1.562848856147592835e+00,4.175479489951128970e-02,6.733243114766499504e-01,4.000000000000000000e+00
-1.074876274838351409e-01,6.374860402304346474e-01,-9.722314941888796080e-02,3.569153910658875439e-01,5.409180886317856984e-01,-1.029982540851797745e+00,1.134827188912484797e+00,8.374041377787787288e-02,6.733243114766499504e-01,4.000000000000000000e+00
-3.739352220053339115e-01,1.313407939107219979e+00,8.405621159385533447e-01,5.093399650442547166e-01,8.830778740539930727e-01,2.639006612566558996e-01,1.153431565571583883e+00,-2.101988286547931961e-01,1.086153680853007453e+00,4.000000000000000000e+00
-2.442680492986237517e-01,1.193480870346762757e+00,4.833119797457085531e-01,5.964425121888836667e-01,6.327182196722127561e-01,1.277024294557660145e-01,1.172046025903668687e+00,-2.521844475331598279e-01,8.207655305079981645e-01,4.000000000000000000e+00
5.208462561104485605e-02,4.630529820027268206e-01,-1.865332448996165904e-01,-2.092218642257998862e-01,5.492618193440709229e-01,-9.618834249513529278e-01,7.440142749955747092e-01,-1.682032322054003715e-01,6.438400969446586020e-01,4.000000000000000000e+00
5.991965014921192267e-01,-5.399246992954277458e-01,-1.526233448460196929e+00,-2.527731377981143335e-01,-2.602328053899112259e-01,-1.279679299153429151e+00,-1.284447633879400419e+00,-5.881093088441974315e-01,1.440004547979686356e+00,4.000000000000000000e+00
-2.528431937406383501e-01,1.302502772090196936e+00,5.279670274860728263e-01,6.182132654503074143e-01,8.079652044381362419e-01,1.958015453562109431e-01,1.283702536877220357e+00,-1.262176133270337675e-01,8.797440327576766528e-01,4.000000000000000000e+00
-7.758254709566529683e-02,6.701916184725715819e-01,-1.418781971592522617e-01,3.786959113767781604e-01,5.325743579195006960e-01,-9.845831302515011263e-01,1.469796721833140030e+00,1.677216291056372877e-01,6.438400969446586020e-01,4.000000000000000000e+00
5.678295257700131105e-01,-5.726302775375646803e-01,-1.615543543940925586e+00,-4.487392182993291123e-01,-3.520233898276926565e-01,-1.325078709753725770e+00,-1.284447633879400419e+00,-6.301049052935902006e-01,1.322057616666025393e+00,4.000000000000000000e+00
6.291113932583691781e-01,-5.617350333294741649e-01,-1.570888496200561146e+00,-6.882663394223250686e-01,-3.436796591154075986e-01,-1.325078709753725770e+00,-1.303052010538499506e+00,-5.461236899658308275e-01,1.381026045730008089e+00,4.000000000000000000e+00
-2.827482741288081525e-01,1.215291204380809287e+00,1.108502156650669423e+00,1.609493105646726818e-01,7.495495428494951540e-01,2.866003665568042091e-01,7.626287353276596237e-01,-2.521844475331598279e-01,1.027175178603328964e+00,4.000000000000000000e+00
-1.758827440802695208e-01,1.247996782622946110e+00,4.833119797457085531e-01,1.031925946763627477e+00,6.410619503844978695e-01,-8.495802345123846383e-03,1.432577884841956140e+00,4.175479489951128970e-02,8.797440327576766528e-01,4.000000000000000000e+00
6.219981441502907549e-01,-5.399246992954277458e-01,-1.526233448460196929e+00,-6.664858191114345631e-01,-3.436796591154075986e-01,-1.302379004453577682e+00,-1.265833173547315393e+00,-5.041280935164380583e-01,1.292563328948338253e+00,4.000000000000000000e+00
-3.055499167869796806e-01,1.204386037363786022e+00,1.108502156650669423e+00,1.827200638260965404e-01,8.079652044381362419e-01,2.866003665568042091e-01,8.184620326509284283e-01,-2.101988286547931961e-01,9.976909640713377270e-01,4.000000000000000000e+00
-2.898615232368866312e-01,1.280702360865083156e+00,8.405621159385533447e-01,5.746619918779929392e-01,9.081090661908483019e-01,3.093000718569525187e-01,1.320921373868404469e+00,-1.682032322054003715e-01,1.056669466321016104e+00,4.000000000000000000e+00
8.910295510729314417e-02,9.754469896688272579e-01,3.493370822546854049e-01,1.097257740646832458e+00,4.991898884677147819e-01,-4.851896136482383159e-01,1.860609635750050339e+00,1.257360102272707114e-01,7.617870282583196762e-01,4.000000000000000000e+00
-1.160627719258497254e-01,1.247996782622946110e+00,6.172771229668014836e-01,8.577306195238366682e-01,6.410619503844978695e-01,1.504021347559143240e-01,1.488411182165225055e+00,-2.408015498815380768e-04,9.682067495393463785e-01,4.000000000000000000e+00
-1.003743783757566760e-01,1.182585626138672241e+00,8.852171636789175624e-01,7.924085926900983345e-01,7.912777430135661261e-01,-9.929462354571708116e-02,1.283702536877220357e+00,3.776796562105489419e-01,7.028185991943370903e-01,4.000000000000000000e+00
1.360440078086043794e-02,1.247996782622946110e+00,7.065969727174603587e-01,1.075477220335941952e+00,6.327182196722127561e-01,-2.127931500464586567e-01,1.283702536877220357e+00,1.257360102272707114e-01,6.143558824126673645e-01,4.000000000000000000e+00
2.643636017522661974e-01,1.468924437894479629e-01,-9.010432715552362248e-01,-1.656705906534854666e-01,4.019877986822514154e-02,-1.120781362052390984e+00,-9.342468281554268394e-02,2.936984408827895132e-01,1.351541831198016519e+00,4.000000000000000000e+00
8.198970599921467928e-02,1.193480870346762757e+00,8.405621159385533447e-01,9.448331666684655072e-01,7.662370042740651588e-01,-1.673937394461620098e-01,1.302316997209305383e+00,2.936984408827895132e-01,8.207655305079981645e-01,4.000000000000000000e+00
-9.187430499230944680e-03,1.258901949639969375e+00,7.065969727174603587e-01,1.315004341458938075e+00,6.160212116449970132e-01,-2.127931500464586567e-01,1.320921373868404469e+00,-2.408015498815380768e-04,5.553773801629888762e-01,4.000000000000000000e+00
2.572503526441877741e-01,1.324313106124243244e+00,4.386569320053441690e-01,1.184350520741994650e+00,6.243744889599277537e-01,-3.716910871474967681e-01,1.953651686391517206e+00,3.776796562105489419e-01,8.797440327576766528e-01,4.000000000000000000e+00
7.815703972451707449e-01,-6.489466010388618145e-01,-1.794173489172313118e+00,-6.882663394223250686e-01,-6.691519831130449125e-01,-1.529376057455060778e+00,-1.042520151600211831e+00,2.936984408827895132e-01,7.028185991943370903e-01,4.000000000000000000e+00
-3.198907315740243812e-02,1.269797193848059891e+00,7.065969727174603587e-01,1.358545847981785570e+00,5.659492807686409277e-01,-2.354928553466069385e-01,1.432577884841956140e+00,4.175479489951128970e-02,7.028185991943370903e-01,4.000000000000000000e+00
7.729952528031560632e-01,-6.162410227967248799e-01,-1.794173489172313118e+00,-7.753591195174872608e-01,-6.774957138253300259e-01,-1.483976646854763937e+00,-9.494680172857590250e-01,2.097172255550301401e-01,6.143558824126673645e-01,4.000000000000000000e+00
-3.910232226548088913e-02,1.193480870346762757e+00,8.852171636789175624e-01,7.924085926900983345e-01,7.745807349863503832e-01,-9.929462354571708116e-02,1.190650402562767773e+00,5.456420868660677437e-01,8.797440327576766528e-01,4.000000000000000000e+00
7.815703972451707449e-01,-6.271461898137480340e-01,-1.794173489172313118e+00,-7.753591195174872608e-01,-6.607987057981141721e-01,-1.461276941554615627e+00,-8.005926693210232425e-01,2.097172255550301401e-01,6.143558824126673645e-01,4.000000000000000000e+00
-9.326112926767823885e-02,1.160775292104625933e+00,6.619321707071658123e-01,8.359598662624128096e-01,7.412058121372100405e-01,-1.446940341460137280e-01,1.246483699886036467e+00,3.776796562105489419e-01,8.502497450399895129e-01,4.000000000000000000e+00
8.570689515716033435e-01,-5.290294550873372303e-01,-1.124318510257057646e+00,-4.922904918716435319e-01,-3.854078592794785707e-01,-1.415877530954319230e+00,-1.154176662573763723e+00,-3.781612593103120257e-01,1.469488762511677704e+00,4.000000000000000000e+00
8.114754776333404918e-01,-5.617350333294741649e-01,-1.660198591681289804e+00,-6.664858191114345631e-01,-4.020953207040487420e-01,-1.325078709753725770e+00,-7.447593719977544380e-01,2.097172255550301401e-01,6.438400969446586020e-01,4.000000000000000000e+00
1.449784112769020972e+00,-1.281257754656486725e+00,-9.903533670359647711e-01,-1.210852321141698162e+00,-1.111446083685318609e+00,-1.642884628073191466e+00,-9.680824776178439395e-01,1.133520571731410076e+00,-5.061752212170481657e-01,4.000000000000000000e+00
9.767809954930771477e-02,1.313407939107219979e+00,6.619321707071658123e-01,1.271453067886623600e+00,6.494056810967829829e-01,-4.397902030479416968e-01,1.804776338426781424e+00,3.776796562105489419e-01,8.207655305079981645e-01,4.000000000000000000e+00
7.488626826921633561e-02,1.280702360865083156e+00,6.172771229668014836e-01,1.271453067886623600e+00,6.577494118090679853e-01,-4.624899083480900619e-01,2.065318281038055037e+00,4.616608715383084260e-01,9.976909640713377270e-01,4.000000000000000000e+00
9.639442929982221520e-01,-7.797689140074095526e-01,-1.704853639421654021e+00,-6.882663394223250686e-01,-8.193582291394674311e-01,-1.552085806872598450e+00,-1.210009959897032417e+00,5.456420868660677437e-01,8.502497450399895129e-01,4.000000000000000000e+00
1.574980717037275102e-01,1.302502772090196936e+00,6.619321707071658123e-01,1.402097121554100267e+00,6.160212116449970132e-01,-3.035919712470518395e-01,1.581463316479677861e+00,3.356840597611561172e-01,8.207655305079981645e-01,4.000000000000000000e+00
9.254640681680377234e-01,-4.854187098281770307e-01,-1.168973557997421864e+00,-3.180951646318526116e-01,-3.103047362662673114e-01,-1.347778415053874079e+00,-8.378115063122072437e-01,-3.781612593103120257e-01,1.322057616666025393e+00,4.000000000000000000e+00
-4.766765532941535932e-02,1.269797193848059891e+00,4.833119797457085531e-01,1.097257740646832458e+00,7.495495428494951540e-01,3.690360825517276927e-02,1.544244479488493971e+00,1.677216291056372877e-01,9.976909640713377270e-01,4.000000000000000000e+00
8.114754776333404918e-01,-5.835354445545878344e-01,-1.213638360007716521e+00,-6.882663394223250686e-01,-3.269921976908374273e-01,-1.506676352154912468e+00,-1.023905691268126805e+00,-4.621424746380714543e-01,1.440004547979686356e+00,4.000000000000000000e+00
1.009537766936485337e+00,-8.996959827678667754e-01,-1.749508687162018683e+00,-2.527731377981143335e-01,-9.028146294676094863e-01,-1.211580183252984444e+00,-9.494680172857590250e-01,5.036564679877011397e-01,1.204100612166668416e+00,4.000000000000000000e+00
1.176223269139443639e+00,-8.233796592665697522e-01,-1.570888496200561146e+00,-2.310023845366904749e-01,-1.086414891548463491e+00,-1.211580183252984444e+00,-8.936448036354760482e-01,6.716188986432201080e-01,1.381026045730008089e+00,4.000000000000000000e+00
1.860115566835306655e+00,-1.019613128719391248e+00,1.260618435528638170e-01,-4.051977117764814507e-01,-1.645549861900665212e+00,-1.029982540851797745e+00,-1.191395499564947613e+00,1.343468621265295537e+00,5.553773801629888762e-01,4.000000000000000000e+00
1.996895988650094766e+00,-9.651071392521407555e-01,-9.010432715552362248e-01,-9.277836934958544335e-01,-1.153174283849389470e+00,-1.143481067352539293e+00,-1.396104144852952089e+00,1.301483002386928822e+00,7.028185991943370903e-01,4.000000000000000000e+00
2.042489462588358062e+00,-1.008717884511300733e+00,-8.563784695449417894e-01,-8.406909134006923523e-01,-1.186558753301175662e+00,-1.143481067352539293e+00,-1.340280931202669112e+00,1.427449836593054799e+00,4.669146633813190950e-01,4.000000000000000000e+00
1.746136787678689517e+00,-9.760023834602311599e-01,-8.117234218045773497e-01,-6.447150658500107046e-01,-1.779068646502517614e+00,-1.120781362052390984e+00,-1.265833173547315393e+00,1.259487405937536053e+00,8.207655305079981645e-01,4.000000000000000000e+00
9.254640681680377234e-01,-5.181242880703139653e-01,-7.670683740642131321e-01,-3.180951646318526116e-01,-3.353359284031225407e-01,-1.688284038673488308e+00,-9.494680172857590250e-01,-3.361656628609192010e-01,1.646414196075017156e+00,4.000000000000000000e+00
1.267410217015969343e+00,-8.887908157508436213e-01,-1.704853639421654021e+00,-7.857781055832332995e-02,-8.193582291394674311e-01,-1.166180772652687603e+00,-8.564259666442920471e-01,5.456420868660677437e-01,1.587445767011034681e+00,4.000000000000000000e+00
1.548074498375544783e+00,-8.124744922495464872e-01,-1.302948455488445179e+00,-5.576125187053818655e-01,-1.011302221932606438e+00,-1.166180772652687603e+00,-1.116957825582579833e+00,1.049539356403650592e+00,1.322057616666025393e+00,4.000000000000000000e+00
1.267410217015969343e+00,-8.669904045257298408e-01,-1.660198591681289804e+00,-1.003485638197471608e-01,-8.861271680430392594e-01,-1.211580183252984444e+00,-8.378115063122072437e-01,6.716188986432201080e-01,1.616929981543025807e+00,4.000000000000000000e+00
1.511056168879296502e+00,-7.361680915571821027e-01,-1.124318510257057646e+00,-4.487392182993291123e-01,-1.036342960672107294e+00,-1.166180772652687603e+00,-9.866868542769428041e-01,1.385464217714688306e+00,1.381026045730008089e+00,4.000000000000000000e+00
1.540971060645546675e+00,-6.707569350729082336e-01,-1.035008414776328989e+00,-4.487392182993291123e-01,-1.019645952644891551e+00,-1.188880477952836134e+00,-8.750303433033911338e-01,1.427449836593054799e+00,1.292563328948338253e+00,4.000000000000000000e+00
1.780329440287866660e+00,-1.008717884511300733e+00,-8.563784695449417894e-01,-6.011637922776963405e-01,-1.754037454365662496e+00,-1.075381951452094587e+00,-1.228614336556131503e+00,1.217501787059169338e+00,7.028185991943370903e-01,4.000000000000000000e+00
1.456897361877099284e+00,-8.451800704916834217e-01,-1.302948455488445179e+00,-3.834171914655908342e-01,-1.011302221932606438e+00,-1.166180772652687603e+00,-9.680824776178439395e-01,1.007543759954257823e+00,1.351541831198016519e+00,4.000000000000000000e+00
1.860115566835306655e+00,-6.816521792809987490e-01,-9.903533670359647711e-01,-3.616464382041669756e-01,-1.061374152808962634e+00,-1.143481067352539293e+00,-9.122491802945750239e-01,1.385464217714688306e+00,1.381026045730008089e+00,4.000000000000000000e+00
1.905709040773569507e+00,-7.470633357652726181e-01,-1.035008414776328989e+00,8.524736586305542083e-03,-1.528708992120737298e+00,-9.618834249513529278e-01,-8.378115063122072437e-01,1.343468621265295537e+00,1.322057616666025393e+00,4.000000000000000000e+00
2.099483757855706401e+00,-1.052318706961528072e+00,-9.456983192956004425e-01,-6.229443125885868460e-01,-1.086414891548463491e+00,-1.120781362052390984e+00,-1.005301314609027941e+00,1.595412267248573768e+00,7.028185991943370903e-01,4.000000000000000000e+00
1.837323735555215221e+00,-1.194046186947099075e+00,-1.392258550969173614e+00,-9.277836934958544335e-01,-1.261661876314386976e+00,-1.415877530954319230e+00,-1.563593953149772675e+00,1.049539356403650592e+00,-3.292497876537086032e-01,4.000000000000000000e+00
1.625044759413993845e+00,-6.816521792809987490e-01,-9.010432715552362248e-01,-3.834171914655908342e-01,-1.027999229959822403e+00,-1.143481067352539293e+00,-1.042520151600211831e+00,1.427449836593054799e+00,1.351541831198016519e+00,4.000000000000000000e+00
1.871516388164392364e+00,-7.470633357652726181e-01,-1.035008414776328989e+00,3.029548984772937811e-02,-1.503677799983882180e+00,-8.256851931504629594e-01,-8.005926693210232425e-01,1.343468621265295537e+00,1.292563328948338253e+00,4.000000000000000000e+00
1.711944135069512152e+00,-1.139540197479848471e+00,-1.570888496200561146e+00,-9.495642138067450500e-01,-1.303390076478457837e+00,-1.302379004453577682e+00,-1.396104144852952089e+00,1.175506190609776569e+00,2.460107947297037259e-02,4.000000000000000000e+00
1.894308219444483576e+00,-6.816521792809987490e-01,-9.010432715552362248e-01,-1.221290841306377772e-01,-1.136486822424819465e+00,-1.098081656752242896e+00,-8.936448036354760482e-01,1.427449836593054799e+00,1.557951479293347319e+00,4.000000000000000000e+00
1.871516388164392364e+00,-1.477501146918241082e+00,-9.456983192956004425e-01,-1.167310814618850445e+00,-1.228277406862600785e+00,-1.824482270474378165e+00,-1.712469301114508680e+00,1.091524975282017307e+00,-1.228401395583778588e-01,4.000000000000000000e+00
1.825922914226129512e+00,-8.015792480414559718e-01,-9.903533670359647711e-01,7.384676342004381500e-02,-1.445262138395240870e+00,-8.029854878503147608e-01,-8.378115063122072437e-01,1.385464217714688306e+00,1.174616397634677067e+00,4.000000000000000000e+00
1.620757187192986448e+00,-1.150435441687938987e+00,-1.615543543940925586e+00,-9.277836934958544335e-01,-1.320077537903028064e+00,-1.302379004453577682e+00,-1.265833173547315393e+00,1.385464217714688306e+00,-2.997655731217173658e-01,4.000000000000000000e+00
2.008296809979180697e+00,-7.143577575231356835e-01,-9.456983192956004425e-01,-3.502653698600889653e-02,-1.453605869107526205e+00,-8.710846037507595785e-01,-8.378115063122072437e-01,1.511431051920814284e+00,1.410520333447695229e+00,4.000000000000000000e+00
1.905709040773569507e+00,-8.015792480414559718e-01,-8.117234218045773497e-01,-2.310023845366904749e-01,-1.695612246174375670e+00,-8.029854878503147608e-01,-8.750303433033911338e-01,1.385464217714688306e+00,1.204100612166668416e+00,4.000000000000000000e+00
1.905709040773569507e+00,-1.019613128719391248e+00,-1.302948455488445179e+00,-7.100370926837489272e-01,-1.244974414889816750e+00,-1.120781362052390984e+00,-8.936448036354760482e-01,1.679403460147359528e+00,4.374304488493278575e-01,4.000000000000000000e+00
2.099483757855706401e+00,-1.030518295736414291e+00,-9.903533670359647711e-01,-6.229443125885868460e-01,-1.244974414889816750e+00,-1.075381951452094587e+00,-9.494680172857590250e-01,1.595412267248573768e+00,7.028185991943370903e-01,4.000000000000000000e+00
-1.812431664765886019e+00,4.653944517734809327e-01,1.440831507019034730e-01,-5.328041590984130549e-01,3.770582935958287189e-03,5.696540055112381262e-01,-7.500705327711991721e-01,-2.150603271882428835e+00,8.451943720028308737e-01,0.000000000000000000e+00
-1.802174952585407164e+00,5.316893464802878722e-01,1.906097244349249376e-01,-4.422321709084645058e-01,7.585020406647031976e-02,7.050261227183991508e-01,-7.132746212848702916e-01,-2.150603271882428835e+00,6.993007552329925103e-01,0.000000000000000000e+00
-1.812431664765886019e+00,4.985418991268844024e-01,9.755657696888200836e-02,-3.969461768134902591e-01,7.585020406647031976e-02,8.855222789946137762e-01,-7.500705327711991721e-01,-2.066222552345247987e+00,6.409413150343585830e-01,0.000000000000000000e+00
-1.824186889683493185e+00,4.543419503652921243e-01,-1.350864547748039102e-01,-3.743082578097455815e-01,-2.326571711056438577e-02,8.855222789946137762e-01,-8.604582672301857027e-01,-2.277179363705696957e+00,7.576601954316263265e-01,0.000000000000000000e+00
-1.153713815765303075e+00,4.653944517734809327e-01,9.350552303204254789e-01,-1.166777608165597613e+00,2.290284179404213083e-01,1.043456415736301546e+00,-1.081233736148158542e+00,-1.222405331938445583e+00,-8.179549828500555231e-01,0.000000000000000000e+00
-1.765380389837272856e+00,4.985418991268844024e-01,4.697793299116323484e-01,-1.931744375173334305e-01,3.981554719927882929e-02,1.043456415736301546e+00,-6.396827983122127526e-01,-2.150603271882428835e+00,8.743691083754016047e-01,0.000000000000000000e+00
-1.102339129088353964e+00,4.874893977186955385e-01,1.028118540865047281e+00,-1.144139689161853157e+00,1.118951683297908645e-01,1.020894396201774912e+00,-8.972541787165145832e-01,-1.138024612401264957e+00,-5.845371569625050778e-01,0.000000000000000000e+00
-1.091991291133320274e+00,4.985418991268844024e-01,8.885286565874039866e-01,-1.098853695066879022e+00,1.389211609801844771e-01,9.306463180636674881e-01,-8.788612075183901418e-01,-1.138024612401264957e+00,-4.970029803913004751e-01,0.000000000000000000e+00
-1.918289439540719288e+00,4.322470044200774630e-01,4.697793299116323484e-01,-7.365758983945697169e-01,-6.830903819455373671e-02,3.214717906314430440e-01,-1.118039616724567642e+00,-2.277179363705696957e+00,7.576601954316263265e-01,0.000000000000000000e+00
-1.875662827221058926e+00,6.421841899486870897e-01,3.301894456339892758e-01,-2.610983506160523548e-01,9.387783989619510883e-02,3.665958297004967004e-01,-4.005043891060353078e-01,-1.391166771012807724e+00,1.049437461517810366e+00,0.000000000000000000e+00
-1.118427890840358652e+00,4.985418991268844024e-01,1.121171688331090044e+00,-1.144139689161853157e+00,2.740820464205396823e-01,1.066018435270828402e+00,-9.892489419773766723e-01,-1.264600704224532635e+00,-7.304208062788509759e-01,0.000000000000000000e+00
-1.306632990554811080e+00,7.858264807704898880e-01,4.232527561786108561e-01,-9.856437878731856284e-01,-8.633667402427855353e-02,8.403982399255601754e-01,-1.375610997128869473e+00,-1.559928210087169642e+00,1.740956958057651716e-01,0.000000000000000000e+00
-1.106672665922751708e+00,5.095944005350733219e-01,1.167698262064111647e+00,-1.189415527169342512e+00,2.380370821572191653e-01,9.983323766672478339e-01,-8.972541787165145832e-01,-1.095829240115177905e+00,-6.428866297076464287e-01,0.000000000000000000e+00
-1.065544566340219657e+00,6.090367425952837310e-01,7.489489353883396205e-01,-1.121491614070623477e+00,1.749661252435050218e-01,1.111142474339882114e+00,-8.604582672301857027e-01,-1.180219984687351786e+00,-2.635751870502575089e-01,0.000000000000000000e+00
-1.802174952585407164e+00,6.532366913568760092e-01,4.697793299116323484e-01,-2.610983506160523548e-01,1.389211609801844771e-01,6.824641031838722949e-01,-2.165148625843109631e-01,-1.644308929624350490e+00,1.253680551032790413e+00,0.000000000000000000e+00
-1.112595841268832819e+00,4.764469531816697967e-01,1.028118540865047281e+00,-1.166777608165597613e+00,1.659574610267071093e-01,9.983323766672478339e-01,-9.708460016891721223e-01,-1.180219984687351786e+00,-5.845371569625050778e-01,0.000000000000000000e+00
-1.824186889683493185e+00,5.979842411870949226e-01,4.232527561786108561e-01,-2.837464257072819240e-01,8.485886828326819065e-02,5.696540055112381262e-01,-3.453055373315019883e-01,-1.686504301910437320e+00,1.107796901716444404e+00,0.000000000000000000e+00
-1.687457727506606719e+00,7.747739793623009685e-01,5.103000323586055070e-02,-7.996453032364024549e-02,4.882421141607670712e-02,9.306463180636674881e-01,-5.108921235650217829e-01,-1.897461113270886290e+00,5.738678286198995587e-02,0.000000000000000000e+00
-1.640406452577993557e+00,7.416265320088974988e-01,9.755657696888200836e-02,-5.732661131989554709e-02,6.684153984967243500e-02,9.306463180636674881e-01,-4.924891832768172328e-01,-1.770885021447618168e+00,4.075234891468081377e-01,0.000000000000000000e+00
-1.509610590833249999e+00,8.300163726609190995e-01,3.301894456339892758e-01,-6.686519852958509036e-01,7.585020406647031976e-02,8.629602594600870313e-01,-1.118039616724567642e+00,-1.602123582373256694e+00,5.738678286198995587e-02,0.000000000000000000e+00
-1.071376615911745711e+00,5.648367938336913419e-01,7.489489353883396205e-01,-9.177198747744668150e-01,1.659574610267071093e-01,1.066018435270828402e+00,-7.684635039693235026e-01,-1.138024612401264957e+00,-3.511093636214620561e-01,0.000000000000000000e+00
-1.106672665922751708e+00,5.095944005350733219e-01,7.489489353883396205e-01,-9.856437878731856284e-01,1.389211609801844771e-01,9.983323766672478339e-01,-8.972541787165145832e-01,-1.222405331938445583e+00,-7.596055101049141722e-01,0.000000000000000000e+00
-1.065544566340219657e+00,4.985418991268844024e-01,9.815818040534468603e-01,-1.053567700971904442e+00,1.299124967633865924e-01,9.983323766672478339e-01,-7.868664442575280527e-01,-1.053643892864084108e+00,-3.511093636214620561e-01,0.000000000000000000e+00
-1.065544566340219657e+00,5.979842411870949226e-01,6.558856248437181513e-01,-1.166777608165597613e+00,1.749661252435050218e-01,1.043456415736301546e+00,-8.052594154556522721e-01,-1.180219984687351786e+00,-2.635751870502575089e-01,0.000000000000000000e+00
-1.059621390994138768e+00,6.532366913568760092e-01,1.260751409530154410e+00,-8.724338806794925683e-01,2.380370821572191653e-01,1.043456415736301546e+00,-6.580757695103370830e-01,-8.005017342525411195e-01,-6.137118933350756977e-01,0.000000000000000000e+00
-1.316980828509844992e+00,8.410688740691080190e-01,4.232527561786108561e-01,-6.460140662921061150e-01,-1.424674549763745718e-02,8.178362203910333195e-01,-1.228427351183554173e+00,-1.517742862836075401e+00,1.740956958057651716e-01,0.000000000000000000e+00
-1.321405491118797793e+00,7.858264807704898880e-01,5.628324773776751666e-01,-8.497858055882629991e-01,-4.128304554416013100e-02,8.855222789946137762e-01,-1.338815085642540481e+00,-1.517742862836075401e+00,2.324551360043990433e-01,0.000000000000000000e+00
-1.071376615911745711e+00,6.421841899486870897e-01,1.260751409530154410e+00,-9.629957127819561702e-01,2.380370821572191653e-01,1.066018435270828402e+00,-7.316675924829947331e-01,-7.583063619664541788e-01,-5.553524531364418815e-01,0.000000000000000000e+00
-1.447786815340650346e+00,8.963213242388891056e-01,6.093590511106966590e-01,-5.328041590984130549e-01,1.299124967633865924e-01,7.727121813219797186e-01,-8.236623557438569332e-01,-1.602123582373256694e+00,8.656151923456062436e-02,0.000000000000000000e+00
-1.122852553449311452e+00,7.858264807704898880e-01,1.028118540865047281e+00,-7.365758983945697169e-01,2.560544105908149071e-01,1.156266513408935825e+00,-8.236623557438569332e-01,-9.270678010408159864e-01,2.908046087495403942e-01,0.000000000000000000e+00
-1.128785853881454360e+00,7.084790846554940291e-01,8.420020828543826052e-01,-8.497858055882629991e-01,2.560544105908149071e-01,1.133704493874408969e+00,-7.500705327711991721e-01,-1.138024612401264957e+00,2.324551360043990433e-01,0.000000000000000000e+00
-1.071376615911745711e+00,6.753316373020905594e-01,1.260751409530154410e+00,-9.856437878731856284e-01,1.569487968099092523e-01,1.066018435270828402e+00,-8.236623557438569332e-01,-8.005017342525411195e-01,-4.970029803913004751e-01,0.000000000000000000e+00
-1.008236579231127861e+00,6.200892440034725395e-01,9.350552303204254789e-01,-1.098853695066879022e+00,2.290284179404213083e-01,1.066018435270828402e+00,-5.476880350513505524e-01,-1.053643892864084108e+00,-5.933209753527777380e-02,0.000000000000000000e+00
-1.677201015326127864e+00,5.427418478884767916e-01,-2.281396022408468116e-01,-2.610983506160523548e-01,3.770582935958287189e-03,1.066018435270828402e+00,-5.660810062494748829e-01,-2.192788619133522854e+00,1.107796901716444404e+00,0.000000000000000000e+00
-1.593365302735442190e+00,7.637214779541121601e-01,1.906097244349249376e-01,-3.467853622866599872e-02,9.387783989619510883e-02,9.757703571327212000e-01,-3.637084776197064828e-01,-1.770885021447618168e+00,5.825918422892172321e-01,0.000000000000000000e+00
-1.593365302735442190e+00,7.084790846554940291e-01,9.755657696888200836e-02,1.011692899687718639e-01,9.387783989619510883e-02,1.043456415736301546e+00,-3.453055373315019883e-01,-1.897461113270886290e+00,6.409413150343585830e-01,0.000000000000000000e+00
-1.149390404016967127e+00,8.521213754772968274e-01,1.121171688331090044e+00,-4.875181650034386971e-01,2.830907106373375948e-01,1.178828532943462459e+00,-7.500705327711991721e-01,-7.583063619664541788e-01,4.366982255193788132e-01,0.000000000000000000e+00
-1.091991291133320274e+00,7.858264807704898880e-01,8.420020828543826052e-01,-7.139379793908250393e-01,2.470457463740170501e-01,1.133704493874408969e+00,-7.684635039693235026e-01,-9.692631733269030381e-01,2.324551360043990433e-01,0.000000000000000000e+00
-1.065544566340219657e+00,7.195315860636829486e-01,8.885286565874039866e-01,-7.592239734857992861e-01,3.011080390709333088e-01,1.223952572012516393e+00,-6.764787097985415221e-01,-8.005017342525411195e-01,2.908046087495403942e-01,0.000000000000000000e+00
-1.624226565051433813e+00,8.521213754772968274e-01,1.440831507019034730e-01,5.588329587379761709e-02,1.839747894603028788e-01,1.066018435270828402e+00,-5.108921235650217829e-01,-1.686504301910437320e+00,7.576601954316263265e-01,0.000000000000000000e+00
-1.071376615911745711e+00,7.858264807704898880e-01,1.400341293807797483e+00,-2.837464257072819240e-01,2.740820464205396823e-01,1.336762669685150451e+00,-8.052594154556522721e-01,-7.161210147153602712e-01,1.020262725145239857e+00,0.000000000000000000e+00
-1.018493291411606716e+00,6.311316885404983923e-01,1.214224835797133029e+00,-9.177198747744668150e-01,2.290284179404213083e-01,1.111142474339882114e+00,-2.717137143588443382e-01,-8.848824537897220788e-01,-3.511093636214620561e-01,0.000000000000000000e+00
-1.091991291133320274e+00,8.079214267157045493e-01,1.493394441273840467e+00,-2.384604316123076495e-01,2.560544105908149071e-01,1.133704493874408969e+00,-8.420553269419811526e-01,-7.583063619664541788e-01,7.576601954316263265e-01,0.000000000000000000e+00
-1.646339753010136242e+00,8.300163726609190995e-01,9.755657696888200836e-02,1.060745786630824111e-02,1.209038325465887354e-01,1.066018435270828402e+00,-5.108921235650217829e-01,-1.644308929624350490e+00,4.075234891468081377e-01,0.000000000000000000e+00
-1.577175290122820872e+00,7.416265320088974988e-01,1.440831507019034730e-01,3.275891043561581784e-01,1.118951683297908645e-01,1.043456415736301546e+00,-2.901066855569685576e-01,-1.728699674196524372e+00,6.993007552329925103e-01,0.000000000000000000e+00
-1.536057315626350395e+00,8.410688740691080190e-01,5.163059036446536743e-01,-5.101560840071833747e-01,2.110110895068255665e-01,7.501501617874527517e-01,-7.684635039693235026e-01,-1.728699674196524372e+00,-2.927499234228281844e-01,0.000000000000000000e+00
-1.259581715626197918e+00,8.852688228307002971e-01,4.232527561786108561e-01,-8.045099675807735329e-01,-8.633667402427855353e-02,9.757703571327212000e-01,-1.228427351183554173e+00,-1.348981423761713927e+00,4.075234891468081377e-01,0.000000000000000000e+00
-1.128785853881454360e+00,8.631638200143225692e-01,1.260751409530154410e+00,-3.969461768134902591e-01,3.191356749006581395e-01,1.178828532943462459e+00,-6.212798580240082025e-01,-5.895449228920922602e-01,5.825918422892172321e-01,0.000000000000000000e+00
-1.028750003592085349e+00,7.747739793623009685e-01,1.260751409530154410e+00,-7.592239734857992861e-01,3.912152960311701677e-01,1.291638630616096739e+00,-6.396827983122127526e-01,-4.629688310688243602e-01,6.701260188604217793e-01,0.000000000000000000e+00
-1.556661865761862940e+00,7.637214779541121601e-01,1.440831507019034730e-01,2.596651912574392540e-01,9.387783989619510883e-02,9.532083375981942330e-01,-2.349178028725155132e-01,-1.686504301910437320e+00,6.701260188604217793e-01,0.000000000000000000e+00
-1.028750003592085349e+00,6.753316373020905594e-01,1.028118540865047281e+00,-8.271478865845183215e-01,3.011080390709333088e-01,1.156266513408935825e+00,-4.188973603041596383e-01,-8.426870815036350271e-01,8.656151923456062436e-02,0.000000000000000000e+00
-1.718329114908659694e+00,5.316893464802878722e-01,-4.203330730876100180e-02,1.011692899687718639e-01,3.981554719927882929e-02,1.020894396201774912e+00,-6.396827983122127526e-01,-2.150603271882428835e+00,1.049437461517810366e+00,0.000000000000000000e+00
-9.552621289564338092e-01,6.421841899486870897e-01,1.260751409530154410e+00,-8.724338806794925683e-01,2.470457463740170501e-01,1.111142474339882114e+00,-3.085096258451731632e-01,-9.692631733269030381e-01,-3.511093636214620561e-01,0.000000000000000000e+00
-1.687457727506606719e+00,6.090367425952837310e-01,4.493266424260451523e-03,1.917412781587203574e-01,8.485886828326819065e-02,1.314200650150623595e+00,-5.108921235650217829e-01,-1.897461113270886290e+00,1.107796901716444404e+00,0.000000000000000000e+00
-9.450054167759549539e-01,6.421841899486870897e-01,1.260751409530154410e+00,-8.045099675807735329e-01,3.011080390709333088e-01,1.133704493874408969e+00,-3.085096258451731632e-01,-1.011448520577996613e+00,-1.176815702804191316e-01,0.000000000000000000e+00
-9.920566917045680055e-01,5.869417966500689587e-01,1.167698262064111647e+00,-8.724338806794925683e-01,2.830907106373375948e-01,1.066018435270828402e+00,-5.092827635079113374e-02,-7.583063619664541788e-01,-2.052157468516236927e-01,0.000000000000000000e+00
-1.593365302735442190e+00,7.305740306007086904e-01,-4.203330730876100180e-02,1.690932030674908160e-01,4.882421141607670712e-02,8.629602594600870313e-01,-3.637084776197064828e-01,-1.855265740984799461e+00,8.160096681767676774e-01,0.000000000000000000e+00
-1.253749666054672085e+00,8.079214267157045493e-01,4.697793299116323484e-01,-4.422321709084645058e-01,-6.830903819455373671e-02,9.532083375981942330e-01,-1.302019174156211712e+00,-1.306786051475626875e+00,6.409413150343585830e-01,0.000000000000000000e+00
-1.259581715626197918e+00,7.747739793623009685e-01,4.697793299116323484e-01,-5.554420781021576214e-01,-7.732800980748068265e-02,8.855222789946137762e-01,-1.136432587922691972e+00,-1.306786051475626875e+00,5.534071384631540358e-01,0.000000000000000000e+00
-1.237559653442050545e+00,8.189739281238933577e-01,7.024223616553182392e-01,-6.913000603870803618e-01,1.277924715275615720e-02,9.532083375981942330e-01,-9.892489419773766723e-01,-1.180219984687351786e+00,5.242324020905833049e-01,0.000000000000000000e+00
-1.677201015326127864e+00,8.410688740691080190e-01,1.028118540865047281e+00,-5.101560840071833747e-01,2.200197537236234235e-01,5.922160250457650932e-01,-8.052594154556522721e-01,-1.602123582373256694e+00,-9.726573366439120009e-04,0.000000000000000000e+00
-1.306632990554811080e+00,8.410688740691080190e-01,4.232527561786108561e-01,-5.554420781021576214e-01,-5.238081280839584561e-03,8.629602594600870313e-01,-1.118039616724567642e+00,-1.602123582373256694e+00,1.449209594331944961e-01,0.000000000000000000e+00
-1.091991291133320274e+00,7.637214779541121601e-01,1.400341293807797483e+00,-2.837464257072819240e-01,2.830907106373375948e-01,1.043456415736301546e+00,-8.052594154556522721e-01,-8.005017342525411195e-01,4.075234891468081377e-01,0.000000000000000000e+00
-1.133200391404345586e+00,8.079214267157045493e-01,1.307277983263176013e+00,-4.195942519047197727e-01,3.101167032877312213e-01,1.336762669685150451e+00,-6.580757695103370830e-01,-6.739256424292732195e-01,6.993007552329925103e-01,0.000000000000000000e+00
-9.450054167759549539e-01,7.968689253075156298e-01,1.121171688331090044e+00,-7.818618924895439637e-01,3.371530033342538535e-01,1.246514591547043249e+00,-4.924891832768172328e-01,-5.895449228920922602e-01,5.825918422892172321e-01,0.000000000000000000e+00
-1.290544228802806392e+00,7.637214779541121601e-01,7.489489353883396205e-01,-7.592239734857992861e-01,2.178791136955402982e-02,8.855222789946137762e-01,-1.062840764950034433e+00,-1.348981423761713927e+00,3.783387853207449414e-01,0.000000000000000000e+00
-1.128785853881454360e+00,7.637214779541121601e-01,1.074645114598068663e+00,-2.610983506160523548e-01,2.380370821572191653e-01,8.855222789946137762e-01,-7.684635039693235026e-01,-9.692631733269030381e-01,7.576601954316263265e-01,0.000000000000000000e+00
-9.552621289564338092e-01,7.416265320088974988e-01,1.028118540865047281e+00,-6.686519852958509036e-01,3.101167032877312213e-01,1.223952572012516393e+00,-6.028868868258838720e-01,-8.005017342525411195e-01,2.616298723769697743e-01,0.000000000000000000e+00
-1.683043189983715493e+00,7.305740306007086904e-01,1.632974162472904611e+00,-2.384604316123076495e-01,8.485886828326819065e-02,9.532083375981942330e-01,-8.236623557438569332e-01,-1.348981423761713927e+00,1.049437461517810366e+00,0.000000000000000000e+00
-1.525800603445871761e+00,9.736586634827218978e-01,7.024223616553182392e-01,-3.290222637147712792e-01,1.569487968099092523e-01,8.178362203910333195e-01,-6.212798580240082025e-01,-1.517742862836075401e+00,-4.678182765652373343e-01,0.000000000000000000e+00
-1.478749328517258599e+00,9.073637687759149584e-01,6.093590511106966590e-01,-5.328041590984130549e-01,1.659574610267071093e-01,8.178362203910333195e-01,-6.948716809966658525e-01,-1.686504301910437320e+00,-9.726573366439120009e-04,0.000000000000000000e+00
-1.143457103584824441e+00,8.410688740691080190e-01,1.353814720074776101e+00,-3.969461768134902591e-01,2.019921178938986206e-01,8.403982399255601754e-01,-8.420553269419811526e-01,-8.426870815036350271e-01,8.743691083754016047e-01,0.000000000000000000e+00
-1.086149116475732423e+00,7.637214779541121601e-01,1.586447588739883230e+00,-3.516703388060008484e-01,3.011080390709333088e-01,1.111142474339882114e+00,-6.396827983122127526e-01,-5.051642033549114119e-01,8.451943720028308737e-01,0.000000000000000000e+00
-9.876320290956152048e-01,6.311316885404983923e-01,1.167698262064111647e+00,-8.724338806794925683e-01,3.281443391174559410e-01,1.111142474339882114e+00,-1.797189510979821658e-01,-7.161210147153602712e-01,-8.850683390784845617e-02,0.000000000000000000e+00
-1.012570116065525605e+00,5.427418478884767916e-01,5.628324773776751666e-01,-6.913000603870803618e-01,1.103033765307879666e+00,1.562382865030418788e+00,-3.821014488178308133e-01,-1.475547490549988350e+00,-7.012460699062802449e-01,0.000000000000000000e+00
-1.515442640404775831e+00,9.957636662990996257e-01,6.558856248437181513e-01,-3.063843447110266571e-01,2.470457463740170501e-01,8.629602594600870313e-01,-6.028868868258838720e-01,-1.559928210087169642e+00,-2.635751870502575089e-01,0.000000000000000000e+00
-1.143457103584824441e+00,8.410688740691080190e-01,1.400341293807797483e+00,-3.063843447110266571e-01,2.290284179404213083e-01,9.080842985291406322e-01,-7.684635039693235026e-01,-8.426870815036350271e-01,9.035438447479722246e-01,0.000000000000000000e+00
-1.624226565051433813e+00,7.526790334170864183e-01,5.103000323586055070e-02,1.917412781587203574e-01,1.929834536771007636e-01,1.449572767357784731e+00,-5.660810062494748829e-01,-1.770885021447618168e+00,1.107796901716444404e+00,0.000000000000000000e+00
-9.714420164829936644e-01,5.095944005350733219e-01,5.163059036446536743e-01,-7.365758983945697169e-01,1.139068422175071094e+00,1.517258825961365076e+00,-3.085096258451731632e-01,-1.348981423761713927e+00,-6.137118933350756977e-01,0.000000000000000000e+00
-1.556661865761862940e+00,7.637214779541121601e-01,9.755657696888200836e-02,1.238173650600014192e-01,1.118951683297908645e-01,8.403982399255601754e-01,-1.613259798998578631e-01,-1.644308929624350490e+00,7.284754916055631302e-01,0.000000000000000000e+00
-1.253749666054672085e+00,7.637214779541121601e-01,3.767261824455893637e-01,-6.460140662921061150e-01,-2.326571711056438577e-02,8.629602594600870313e-01,-1.044437824661829772e+00,-1.264600704224532635e+00,5.825918422892172321e-01,0.000000000000000000e+00
-1.264006378235150718e+00,8.742163214225114887e-01,7.489489353883396205e-01,-4.648802459996940195e-01,5.783287563287457106e-02,1.020894396201774912e+00,-8.972541787165145832e-01,-1.264600704224532635e+00,8.160096681767676774e-01,0.000000000000000000e+00
-1.143457103584824441e+00,7.968689253075156298e-01,1.493394441273840467e+00,-2.158123565210781081e-01,2.470457463740170501e-01,8.629602594600870313e-01,-7.316675924829947331e-01,-6.739256424292732195e-01,1.107796901716444404e+00,0.000000000000000000e+00
-1.650764415619089265e+00,8.963213242388891056e-01,1.121171688331090044e+00,-4.195942519047197727e-01,2.380370821572191653e-01,8.178362203910333195e-01,-6.948716809966658525e-01,-1.391166771012807724e+00,2.820207903592676993e-02,0.000000000000000000e+00
-1.552237203152910139e+00,9.515637175375071255e-01,8.420020828543826052e-01,-5.328041590984130549e-01,2.290284179404213083e-01,8.403982399255601754e-01,-6.028868868258838720e-01,-1.686504301910437320e+00,-2.344004506776868613e-01,0.000000000000000000e+00
-1.222878278652618889e+00,9.184162701841036558e-01,7.024223616553182392e-01,-3.290222637147712792e-01,8.485886828326819065e-02,9.532083375981942330e-01,-8.972541787165145832e-01,-1.095829240115177905e+00,6.993007552329925103e-01,0.000000000000000000e+00
-1.290544228802806392e+00,9.626162189456960450e-01,7.489489353883396205e-01,-7.996453032364024549e-02,1.479298251969823341e-01,9.983323766672478339e-01,-7.684635039693235026e-01,-1.053643892864084108e+00,8.451943720028308737e-01,0.000000000000000000e+00
-9.816987286634724086e-01,6.090367425952837310e-01,8.420020828543826052e-01,-6.460140662921061150e-01,1.157096058004795980e+00,1.630068923633999134e+00,-3.085096258451731632e-01,-1.264600704224532635e+00,-7.012460699062802449e-01,0.000000000000000000e+00
-1.599288478081523301e+00,8.631638200143225692e-01,2.371362981679463744e-01,2.823031102611839871e-01,1.839747894603028788e-01,1.088580454805355258e+00,-1.613259798998578631e-01,-1.686504301910437320e+00,1.020262725145239857e+00,0.000000000000000000e+00
-9.714420164829936644e-01,5.427418478884767916e-01,7.024223616553182392e-01,-7.139379793908250393e-01,1.112042429524677578e+00,1.584944884564945644e+00,-2.533107740706397881e-01,-1.138024612401264957e+00,-4.386435401926666033e-01,0.000000000000000000e+00
-1.661021127799567898e+00,8.300163726609190995e-01,1.167698262064111647e+00,-5.101560840071833747e-01,2.560544105908149071e-01,7.050261227183991508e-01,-6.764787097985415221e-01,-1.728699674196524372e+00,1.157362556071313137e-01,0.000000000000000000e+00
-9.816987286634724086e-01,6.200892440034725395e-01,7.489489353883396205e-01,-5.328041590984130549e-01,1.139068422175071094e+00,1.607506904099472278e+00,-4.188973603041596383e-01,-1.475547490549988350e+00,-8.179549828500555231e-01,0.000000000000000000e+00
-1.577175290122820872e+00,9.184162701841036558e-01,1.906097244349249376e-01,2.370272722536946319e-01,1.839747894603028788e-01,1.111142474339882114e+00,-3.085096258451731632e-01,-1.475547490549988350e+00,1.020262725145239857e+00,0.000000000000000000e+00
-1.593365302735442190e+00,9.184162701841036558e-01,1.074645114598068663e+00,-3.516703388060008484e-01,2.560544105908149071e-01,8.178362203910333195e-01,-6.396827983122127526e-01,-1.433362143298894553e+00,-5.933209753527777380e-02,0.000000000000000000e+00
-1.212530440697584977e+00,9.184162701841036558e-01,1.353814720074776101e+00,-2.158123565210781081e-01,1.569487968099092523e-01,9.306463180636674881e-01,-9.156571190047190223e-01,-6.739256424292732195e-01,9.327285485740354209e-01,0.000000000000000000e+00
-1.583098465468901761e+00,8.852688228307002971e-01,1.958670341682633431e+00,7.853137096502717240e-02,2.560544105908149071e-01,1.336762669685150451e+00,-7.684635039693235026e-01,-1.180219984687351786e+00,1.049437461517810366e+00,0.000000000000000000e+00
-1.541889365197876449e+00,9.405112161293184281e-01,1.028118540865047281e+00,-5.101560840071833747e-01,2.470457463740170501e-01,7.501501617874527517e-01,-6.580757695103370830e-01,-1.517742862836075401e+00,-2.927499234228281844e-01,0.000000000000000000e+00
-1.541889365197876449e+00,9.847111648909107062e-01,8.885286565874039866e-01,-3.969461768134902591e-01,2.470457463740170501e-01,8.855222789946137762e-01,-5.660810062494748829e-01,-1.686504301910437320e+00,-5.933209753527777380e-02,0.000000000000000000e+00
-1.143457103584824441e+00,8.410688740691080190e-01,1.632974162472904611e+00,-1.705365185135887252e-01,2.380370821572191653e-01,9.080842985291406322e-01,-7.868664442575280527e-01,-6.317402951781793119e-01,1.078612197890381319e+00,0.000000000000000000e+00
-1.613969852870954957e+00,8.189739281238933577e-01,2.836628719009678390e-01,2.823031102611839871e-01,1.659574610267071093e-01,1.133704493874408969e+00,-1.061271281253244880e-01,-1.770885021447618168e+00,9.619032849466061519e-01,0.000000000000000000e+00
-1.613969852870954957e+00,8.189739281238933577e-01,1.726037473017526302e+00,-2.610983506160523548e-01,5.783287563287457106e-02,1.066018435270828402e+00,-6.764787097985415221e-01,-1.138024612401264957e+00,1.341214727603994961e+00,0.000000000000000000e+00
-1.562493915333388994e+00,7.968689253075156298e-01,4.697793299116323484e-01,2.596651912574392540e-01,1.839747894603028788e-01,8.403982399255601754e-01,-1.245300684135290520e-01,-1.559928210087169642e+00,8.743691083754016047e-01,0.000000000000000000e+00
-1.572841753288422906e+00,7.968689253075156298e-01,4.232527561786108561e-01,1.464552840637461384e-01,1.749661252435050218e-01,1.066018435270828402e+00,-4.188973603041596383e-01,-1.517742862836075401e+00,1.370399431430058046e+00,0.000000000000000000e+00
-9.772740660545196079e-01,5.427418478884767916e-01,1.121171688331090044e+00,-7.139379793908250393e-01,4.542862529448843389e-01,1.111142474339882114e+00,-2.165148625843109631e-01,-5.051642033549114119e-01,-9.726573366439120009e-04,0.000000000000000000e+00
-1.012570116065525605e+00,5.316893464802878722e-01,6.558856248437181513e-01,-6.913000603870803618e-01,1.057980136827761042e+00,1.472134786892311364e+00,-2.349178028725155132e-01,-1.222405331938445583e+00,-5.845371569625050778e-01,0.000000000000000000e+00
-1.489006040697737454e+00,1.106248452896335666e+00,9.815818040534468603e-01,-3.063843447110266571e-01,2.560544105908149071e-01,9.306463180636674881e-01,-4.556932717904884078e-01,-1.644308929624350490e+00,2.820207903592676993e-02,0.000000000000000000e+00
-1.186093840990546378e+00,9.847111648909107062e-01,9.350552303204254789e-01,-7.996453032364024549e-02,2.019921178938986206e-01,1.111142474339882114e+00,-6.396827983122127526e-01,-7.161210147153602712e-01,7.284754916055631302e-01,0.000000000000000000e+00
-1.139042566061933215e+00,9.405112161293184281e-01,1.586447588739883230e+00,-5.732661131989554709e-02,2.380370821572191653e-01,9.757703571327212000e-01,-8.236623557438569332e-01,-5.895449228920922602e-01,1.049437461517810366e+00,0.000000000000000000e+00
-9.714420164829936644e-01,5.648367938336913419e-01,8.420020828543826052e-01,-6.686519852958509036e-01,1.094014793694952692e+00,1.607506904099472278e+00,-1.981218913861866882e-01,-1.180219984687351786e+00,-4.970029803913004751e-01,0.000000000000000000e+00
-1.200765090693916237e+00,9.626162189456960450e-01,8.885286565874039866e-01,-1.252505244186144784e-01,1.839747894603028788e-01,1.043456415736301546e+00,-7.500705327711991721e-01,-8.005017342525411195e-01,6.993007552329925103e-01,0.000000000000000000e+00
-9.346474537348593570e-01,5.316893464802878722e-01,8.885286565874039866e-01,-6.686519852958509036e-01,1.103033765307879666e+00,1.562382865030418788e+00,-2.165148625843109631e-01,-1.138024612401264957e+00,-6.720713335337096250e-01,0.000000000000000000e+00
-9.772740660545196079e-01,5.095944005350733219e-01,8.885286565874039866e-01,-6.007280721971318682e-01,1.193130714871987408e+00,1.404448728288730797e+00,-8.773415692720022696e-02,-9.692631733269030381e-01,-4.678182765652373343e-01,0.000000000000000000e+00
-1.577175290122820872e+00,8.742163214225114887e-01,2.836628719009678390e-01,1.690932030674908160e-01,2.200197537236234235e-01,1.156266513408935825e+00,-3.085096258451731632e-01,-1.475547490549988350e+00,1.224505814660219460e+00,0.000000000000000000e+00
-1.603713140690476102e+00,9.626162189456960450e-01,1.958670341682633431e+00,-1.204061722492130726e-02,6.684153984967243500e-02,1.043456415736301546e+00,-6.580757695103370830e-01,-1.053643892864084108e+00,1.224505814660219460e+00,0.000000000000000000e+00
-9.082108540278207576e-01,5.758892952418802613e-01,1.028118540865047281e+00,-5.328041590984130549e-01,6.795440879493473973e-01,1.359324689219677307e+00,7.785242930631959546e-02,-2.942073919944624971e-01,4.075234891468081377e-01,0.000000000000000000e+00
-9.346474537348593570e-01,5.537842924255025334e-01,7.489489353883396205e-01,-1.008281706876930306e+00,1.139068422175071094e+00,9.080842985291406322e-01,2.266354662186650937e-02,-9.270678010408159864e-01,-4.970029803913004751e-01,0.000000000000000000e+00
-9.816987286634724086e-01,5.648367938336913419e-01,7.024223616553182392e-01,-9.403577937782113816e-01,1.139068422175071094e+00,8.403982399255601754e-01,-1.413236486446230698e-02,-7.583063619664541788e-01,-5.553524531364418815e-01,0.000000000000000000e+00
-1.588940640126489390e+00,9.405112161293184281e-01,1.167698262064111647e+00,-4.648802459996940195e-01,2.920993748541353963e-01,7.727121813219797186e-01,-6.764787097985415221e-01,-1.475547490549988350e+00,-1.760410104790529895e-01,0.000000000000000000e+00
-9.772740660545196079e-01,5.206368450720990637e-01,6.558856248437181513e-01,-7.139379793908250393e-01,1.057980136827761042e+00,1.517258825961365076e+00,9.625536959452415942e-02,-1.138024612401264957e+00,-4.970029803913004751e-01,0.000000000000000000e+00
-9.655188411369125534e-01,5.648367938336913419e-01,8.420020828543826052e-01,-6.460140662921061150e-01,1.166104722221593670e+00,1.517258825961365076e+00,4.260606333661961891e-03,-9.270678010408159864e-01,-4.678182765652373343e-01,0.000000000000000000e+00
-1.059621390994138768e+00,5.979842411870949226e-01,2.836628719009678390e-01,-1.030929781968159986e+00,1.021935172564440775e+00,2.537857320278624762e-01,-3.637084776197064828e-01,-7.161210147153602712e-01,-6.720713335337096250e-01,1.000000000000000000e+00
-1.065544566340219657e+00,5.758892952418802613e-01,3.301894456339892758e-01,-1.053567700971904442e+00,1.048971472610963351e+00,6.599020836493455500e-01,-6.028868868258838720e-01,-4.629688310688243602e-01,-6.428866297076464287e-01,1.000000000000000000e+00
-1.572841753288422906e+00,7.195315860636829486e-01,2.371362981679463744e-01,5.588329587379761709e-02,1.929834536771007636e-01,6.147780445802918381e-01,-1.797189510979821658e-01,-1.644308929624350490e+00,1.224505814660219460e+00,1.000000000000000000e+00
-1.635991915055102552e+00,7.747739793623009685e-01,2.836628719009678390e-01,2.596651912574392540e-01,1.569487968099092523e-01,9.757703571327212000e-01,-8.773415692720022696e-02,-1.728699674196524372e+00,8.160096681767676774e-01,1.000000000000000000e+00
-9.816987286634724086e-01,5.758892952418802613e-01,6.558856248437181513e-01,-9.629957127819561702e-01,1.157096058004795980e+00,8.629602594600870313e-01,2.266354662186650937e-02,-7.161210147153602712e-01,-6.428866297076464287e-01,1.000000000000000000e+00
-9.876320290956152048e-01,6.090367425952837310e-01,5.628324773776751666e-01,-1.030929781968159986e+00,1.148077086391869228e+00,7.501501617874527517e-01,-6.933121663899567688e-02,-8.005017342525411195e-01,-3.802840999940327871e-01,1.000000000000000000e+00
-1.552237203152910139e+00,7.195315860636829486e-01,1.906097244349249376e-01,1.690932030674908160e-01,1.839747894603028788e-01,6.373400641148185830e-01,-1.981218913861866882e-01,-1.728699674196524372e+00,1.136971638089014913e+00,1.000000000000000000e+00
-1.593365302735442190e+00,7.637214779541121601e-01,3.301894456339892758e-01,2.370272722536946319e-01,1.839747894603028788e-01,9.306463180636674881e-01,-3.253530515266685880e-02,-1.644308929624350490e+00,1.107796901716444404e+00,1.000000000000000000e+00
-8.611595790992077060e-01,5.869417966500689587e-01,1.353814720074776101e+00,-6.007280721971318682e-01,8.867845945202147417e-01,1.584944884564945644e+00,3.170308385124970818e-01,-4.629688310688243602e-01,3.199893125756035905e-01,1.000000000000000000e+00
-1.603713140690476102e+00,9.294687715922925753e-01,1.865617194216590669e+00,1.060745786630824111e-02,2.830907106373375948e-01,1.223952572012516393e+00,-7.316675924829947331e-01,-1.138024612401264957e+00,9.910780213191767718e-01,1.000000000000000000e+00
-1.086149116475732423e+00,5.869417966500689587e-01,2.836628719009678390e-01,-1.076205619975649341e+00,1.030943836781238687e+00,2.763477515623893321e-01,-2.901066855569685576e-01,-8.848824537897220788e-01,-7.596055101049141722e-01,1.000000000000000000e+00
-1.556661865761862940e+00,7.526790334170864183e-01,4.232527561786108561e-01,2.370272722536946319e-01,2.019921178938986206e-01,7.727121813219797186e-01,-1.429230396116533131e-01,-1.728699674196524372e+00,9.910780213191767718e-01,1.000000000000000000e+00
-1.619893028217036068e+00,1.062058561005906565e+00,1.539921015006861849e+00,3.275891043561581784e-01,2.200197537236234235e-01,1.111142474339882114e+00,-3.085096258451731632e-01,-1.053643892864084108e+00,1.457933608001262593e+00,1.000000000000000000e+00
-9.184675662082995018e-01,5.316893464802878722e-01,8.885286565874039866e-01,-8.724338806794925683e-01,1.202139379088785320e+00,1.201390552477989315e+00,1.146483407926484205e-01,-7.161210147153602712e-01,-2.927499234228281844e-01,1.000000000000000000e+00
-1.044940016204707112e+00,5.869417966500689587e-01,4.232527561786108561e-01,-9.856437878731856284e-01,1.112042429524677578e+00,4.342818883040771571e-01,-1.797189510979821658e-01,-5.895449228920922602e-01,-4.678182765652373343e-01,1.000000000000000000e+00
-1.112595841268832819e+00,5.648367938336913419e-01,2.371362981679463744e-01,-1.030929781968159986e+00,1.012926508347642862e+00,2.989097710969161881e-01,-1.429230396116533131e-01,-7.583063619664541788e-01,-6.137118933350756977e-01,1.000000000000000000e+00
-1.572841753288422906e+00,7.416265320088974988e-01,1.906097244349249376e-01,2.596651912574392540e-01,2.019921178938986206e-01,7.275881422529260067e-01,-3.253530515266685880e-02,-1.559928210087169642e+00,1.312039991231424008e+00,1.000000000000000000e+00
-1.556661865761862940e+00,8.521213754772968274e-01,4.232527561786108561e-01,3.324537687005293257e-02,1.028865041129929936e-01,1.066018435270828402e+00,-4.924891832768172328e-01,-1.306786051475626875e+00,1.487108344373833324e+00,1.000000000000000000e+00
-1.519867303013728854e+00,8.742163214225114887e-01,7.024223616553182392e-01,3.324537687005293257e-02,1.209038325465887354e-01,1.020894396201774912e+00,-5.108921235650217829e-01,-1.180219984687351786e+00,1.516283080746403833e+00,1.000000000000000000e+00
-8.670827544452887059e-01,5.869417966500689587e-01,1.353814720074776101e+00,-5.101560840071833747e-01,9.048019229538103447e-01,1.584944884564945644e+00,2.986378673143728069e-01,-4.629688310688243602e-01,3.783387853207449414e-01,1.000000000000000000e+00
-1.577175290122820872e+00,9.294687715922925753e-01,1.912143767949612050e+00,1.060745786630824111e-02,3.551703317678496230e-01,1.201390552477989315e+00,-5.108921235650217829e-01,-1.095829240115177905e+00,9.910780213191767718e-01,1.000000000000000000e+00
-1.577175290122820872e+00,9.184162701841036558e-01,1.912143767949612050e+00,-3.467853622866599872e-02,3.371530033342538535e-01,1.269076611081569883e+00,-4.373003005923641329e-01,-1.138024612401264957e+00,9.035438447479722246e-01,1.000000000000000000e+00
-8.405449038776332538e-01,5.869417966500689587e-01,1.307277983263176013e+00,-4.875181650034386971e-01,9.048019229538103447e-01,1.584944884564945644e+00,2.066431040535106067e-01,-5.895449228920922602e-01,3.783387853207449414e-01,1.000000000000000000e+00
-8.935294792383889906e-01,7.526790334170864183e-01,1.400341293807797483e+00,-4.648802459996940195e-01,1.256201671785701635e+00,1.878251138513794549e+00,-5.092827635079113374e-02,-8.848824537897220788e-01,-4.678182765652373343e-01,1.000000000000000000e+00
-8.935294792383889906e-01,5.648367938336913419e-01,1.121171688331090044e+00,-6.913000603870803618e-01,7.696513449095842008e-01,1.336762669685150451e+00,9.625536959452415942e-02,-4.629688310688243602e-01,3.491640489481742660e-01,1.000000000000000000e+00
-8.773394666257675611e-01,7.968689253075156298e-01,1.493394441273840467e+00,-3.743082578097455815e-01,1.283237971832224433e+00,1.900813158048321183e+00,2.266354662186650937e-02,-6.739256424292732195e-01,-2.927499234228281844e-01,1.000000000000000000e+00
-1.055287854159741023e+00,5.979842411870949226e-01,5.163059036446536743e-01,-9.403577937782113816e-01,1.157096058004795980e+00,7.050261227183991508e-01,-4.924891832768172328e-01,-4.207834838177304526e-01,-4.678182765652373343e-01,1.000000000000000000e+00
-8.464782043097760500e-01,6.974265832473052207e-01,1.493394441273840467e+00,-3.063843447110266571e-01,1.030943836781238687e+00,1.630068923633999134e+00,2.066431040535106067e-01,-9.692631733269030381e-01,-3.014739370921459133e-02,1.000000000000000000e+00
-1.065544566340219657e+00,6.642791358939018620e-01,5.163059036446536743e-01,-8.950717996832371348e-01,1.247193007568903722e+00,7.275881422529260067e-01,-6.580757695103370830e-01,-7.161210147153602712e-01,-5.261777167638711505e-01,1.000000000000000000e+00
-8.714162912796864502e-01,5.758892952418802613e-01,1.307277983263176013e+00,-6.233659912008766568e-01,8.146946659935736523e-01,1.359324689219677307e+00,1.146483407926484205e-01,-4.207834838177304526e-01,4.950576657180126849e-01,1.000000000000000000e+00
-1.049364678813659912e+00,6.974265832473052207e-01,4.232527561786108561e-01,-8.271478865845183215e-01,1.220167014918510207e+00,7.501501617874527517e-01,-5.660810062494748829e-01,-8.005017342525411195e-01,-2.927499234228281844e-01,1.000000000000000000e+00
-1.044940016204707112e+00,6.421841899486870897e-01,4.697793299116323484e-01,-8.950717996832371348e-01,1.310263964482617949e+00,7.727121813219797186e-01,-6.580757695103370830e-01,-6.317402951781793119e-01,-4.094688038200959279e-01,1.000000000000000000e+00
-1.028750003592085349e+00,6.200892440034725395e-01,4.232527561786108561e-01,-9.856437878731856284e-01,1.373334921396332176e+00,4.342818883040771571e-01,-5.660810062494748829e-01,-4.207834838177304526e-01,-4.386435401926666033e-01,1.000000000000000000e+00
-8.773394666257675611e-01,5.537842924255025334e-01,1.493394441273840467e+00,-6.007280721971318682e-01,8.327223018232984275e-01,1.336762669685150451e+00,2.066431040535106067e-01,-4.629688310688243602e-01,5.242324020905833049e-01,1.000000000000000000e+00
-1.008236579231127861e+00,5.537842924255025334e-01,4.697793299116323484e-01,-8.950717996832371348e-01,1.057980136827761042e+00,5.245299664421845254e-01,-4.188973603041596383e-01,-4.207834838177304526e-01,-5.845371569625050778e-01,1.000000000000000000e+00
-1.002313403885046972e+00,6.421841899486870897e-01,4.232527561786108561e-01,-9.177198747744668150e-01,1.391362557226056840e+00,4.568439078386040131e-01,-5.476880350513505524e-01,-5.473495506060052085e-01,-5.845371569625050778e-01,1.000000000000000000e+00
-7.994269293811629984e-01,6.642791358939018620e-01,1.493394441273840467e+00,-4.422321709084645058e-01,9.588642156507266590e-01,1.630068923633999134e+00,3.538267499988259068e-01,-2.520220447433686450e-01,5.242324020905833049e-01,1.000000000000000000e+00
-8.200314795166756543e-01,6.311316885404983923e-01,1.539921015006861849e+00,-4.875181650034386971e-01,8.507396302568941415e-01,1.562382865030418788e+00,1.882501328553863318e-01,-5.051642033549114119e-01,6.409413150343585830e-01,1.000000000000000000e+00
-7.832369167685413469e-01,6.311316885404983923e-01,1.307277983263176013e+00,-5.780901531933871906e-01,1.057980136827761042e+00,1.562382865030418788e+00,1.514442522789772316e-01,-7.583063619664541788e-01,1.740956958057651716e-01,1.000000000000000000e+00
-8.509028669187288507e-01,7.747739793623009685e-01,1.446867867540818864e+00,-2.384604316123076495e-01,1.085006129478155001e+00,1.675192962703052846e+00,2.434390155398394040e-01,-7.583063619664541788e-01,-5.933209753527777380e-02,1.000000000000000000e+00
-9.876320290956152048e-01,5.427418478884767916e-01,3.767261824455893637e-01,-8.497858055882629991e-01,1.355317592962736128e+00,7.275881422529260067e-01,-5.476880350513505524e-01,-5.051642033549114119e-01,-4.678182765652373343e-01,1.000000000000000000e+00
-8.464782043097760500e-01,8.300163726609190995e-01,1.679510899284504699e+00,-1.931744375173334305e-01,1.130059757958273181e+00,1.855689118979267693e+00,1.698471925671817817e-01,-5.051642033549114119e-01,-5.933209753527777380e-02,1.000000000000000000e+00
-1.519867303013728854e+00,1.238848299181112722e+00,2.377429831436983498e+00,4.181610925461067274e-01,1.749661252435050218e-01,1.178828532943462459e+00,-2.533107740706397881e-01,-1.053643892864084108e+00,1.866419787031222022e+00,1.000000000000000000e+00
-7.568003170615027475e-01,6.421841899486870897e-01,1.446867867540818864e+00,-4.422321709084645058e-01,9.949091799140472592e-01,1.584944884564945644e+00,2.802349270261682013e-01,-4.207834838177304526e-01,2.324551360043990433e-01,1.000000000000000000e+00
-1.530124015194207709e+00,1.271995746534516192e+00,1.912143767949612050e+00,4.407990115498514050e-01,2.110110895068255665e-01,1.359324689219677307e+00,-2.533107740706397881e-01,-5.895449228920922602e-01,1.574642520945037871e+00,1.000000000000000000e+00
-8.935294792383889906e-01,8.963213242388891056e-01,1.586447588739883230e+00,-3.290222637147712792e-01,1.274229307615426521e+00,2.013623255720955019e+00,1.882501328553863318e-01,-5.473495506060052085e-01,-9.726573366439120009e-04,1.000000000000000000e+00
1.695336816352651932e-01,-1.799704583408469949e+00,-1.391344597880697753e+00,-1.415835341556728855e+00,-1.068456299389440423e+00,-1.483489772130703654e+00,-6.212798580240082025e-01,3.808383643029848442e-01,-1.693296748562101106e+00,1.000000000000000000e+00
-1.515442640404775831e+00,1.028911113652502873e+00,1.632974162472904611e+00,3.275891043561581784e-01,2.110110895068255665e-01,1.088580454805355258e+00,-1.613259798998578631e-01,-1.053643892864084108e+00,1.837245050658651513e+00,1.000000000000000000e+00
-7.568003170615027475e-01,8.189739281238933577e-01,1.400341293807797483e+00,-2.610983506160523548e-01,1.238184343352105810e+00,1.652630943168526212e+00,3.538267499988259068e-01,-2.520220447433686450e-01,4.075234891468081377e-01,1.000000000000000000e+00
-8.141083041705945433e-01,7.526790334170864183e-01,1.260751409530154410e+00,-2.837464257072819240e-01,1.085006129478155001e+00,1.630068923633999134e+00,3.170308385124970818e-01,-6.317402951781793119e-01,1.157362556071313137e-01,1.000000000000000000e+00
-7.773137414224603470e-01,7.747739793623009685e-01,1.353814720074776101e+00,-4.422321709084645058e-01,1.238184343352105810e+00,1.584944884564945644e+00,2.986378673143728069e-01,-5.051642033549114119e-01,1.740956958057651716e-01,1.000000000000000000e+00
4.871272561318878980e-01,-1.888094424060491550e+00,-1.623987629624383588e+00,-1.076205619975649341e+00,-8.071638075177859362e-01,-1.483489772130703654e+00,-9.524530304910477918e-01,1.698915779775291290e-01,-2.189327071616757436e+00,1.000000000000000000e+00
-1.008236579231127861e+00,5.869417966500689587e-01,5.163059036446536743e-01,-5.554420781021576214e-01,1.850886891451780647e+00,6.599020836493455500e-01,-6.396827983122127526e-01,-7.161210147153602712e-01,2.820207903592676993e-02,1.000000000000000000e+00
3.577387813497174274e-01,-1.810757084816658757e+00,-1.530924319079762119e+00,-1.461121335651703212e+00,-1.023412978305451082e+00,-1.551185813928768420e+00,-4.556932717904884078e-01,3.808383643029848442e-01,-1.722481452388164191e+00,1.000000000000000000e+00
-8.405449038776332538e-01,8.300163726609190995e-01,1.214224835797133029e+00,-5.732661131989554709e-02,2.175260647633278754e+00,5.245299664421845254e-01,-7.132746212848702916e-01,-7.161210147153602712e-01,-3.511093636214620561e-01,1.000000000000000000e+00
5.576991059817766327e-01,-2.020694270345268606e+00,2.371362981679463744e-01,-4.875181650034386971e-01,-2.356942659898633163e+00,-1.257869576785435095e+00,-5.660810062494748829e-01,1.130138903167268987e-03,-1.955899278275714748e+00,1.000000000000000000e+00
1.051732430189182832e+00,2.554572662448713061e-01,2.836628719009678390e-01,7.351427390359566161e-01,1.277924715275615720e-02,-2.425786977317277993e-01,7.034028627540701573e-01,7.605566147377955666e-01,-8.763144230486893393e-01,1.000000000000000000e+00
-8.200314795166756543e-01,8.521213754772968274e-01,1.167698262064111647e+00,-1.204061722492130726e-02,2.166251983416481064e+00,6.147780445802918381e-01,-6.948716809966658525e-01,-5.895449228920922602e-01,-1.760410104790529895e-01,1.000000000000000000e+00
-1.112595841268832819e+00,5.427418478884767916e-01,4.232527561786108561e-01,-9.629957127819561702e-01,1.562558099533603473e+00,3.665958297004967004e-01,-5.844839465376794330e-01,-6.739256424292732195e-01,-3.219346272488914362e-01,1.000000000000000000e+00
6.047503809103896844e-01,-2.009641768937079576e+00,4.232527561786108561e-01,-1.204061722492130726e-02,-2.302880367201717071e+00,-1.077373420509220692e+00,-1.613259798998578631e-01,3.386530170518909366e-01,-1.926724541903144017e+00,1.000000000000000000e+00
8.752926804783993653e-01,-1.191998029639018686e+00,7.489489353883396205e-01,8.710007213208794674e-01,-1.708195147535638059e+00,-7.615051470258449307e-01,8.137905972130565768e-01,1.477797743321330071e+00,-1.372344746103346003e+00,1.000000000000000000e+00
6.165157309140584241e-01,-2.086069967027772698e-01,-1.816130285078253470e-01,1.935165724071607363e+00,-4.467450870729677836e-01,2.312237124933356480e-01,1.310540386823535908e+00,1.224655584709787304e+00,-4.094688038200959279e-01,1.000000000000000000e+00
-9.714420164829936644e-01,5.869417966500689587e-01,5.628324773776751666e-01,-4.195942519047197727e-01,1.922966512582292786e+00,7.050261227183991508e-01,-5.292850947631460024e-01,-5.895449228920922602e-01,1.157362556071313137e-01,1.000000000000000000e+00
-8.361303663547421383e-01,5.869417966500689587e-01,7.489489353883396205e-01,-2.158123565210781081e-01,2.022082433759327280e+00,7.952742008565064635e-01,-4.188973603041596383e-01,-3.785881115316434564e-01,1.740956958057651716e-01,1.000000000000000000e+00
-7.935037540350818874e-01,7.968689253075156298e-01,1.028118540865047281e+00,-7.996453032364024549e-02,2.076144726456243816e+00,5.470919859767113813e-01,-6.028868868258838720e-01,-5.895449228920922602e-01,-5.933209753527777380e-02,1.000000000000000000e+00
-1.055287854159741023e+00,5.979842411870949226e-01,5.163059036446536743e-01,-9.403577937782113816e-01,1.553549435316805560e+00,4.342818883040771571e-01,-5.476880350513505524e-01,-5.473495506060052085e-01,-4.094688038200959279e-01,1.000000000000000000e+00
-1.071376615911745711e+00,5.427418478884767916e-01,5.163059036446536743e-01,-8.724338806794925683e-01,1.643646384880913303e+00,4.794059273731308690e-01,-4.924891832768172328e-01,-5.051642033549114119e-01,-1.468662741064823141e-01,1.000000000000000000e+00
-9.037861914188679568e-01,5.979842411870949226e-01,7.024223616553182392e-01,-3.743082578097455815e-01,2.004065105325731899e+00,7.727121813219797186e-01,-6.028868868258838720e-01,-4.207834838177304526e-01,1.157362556071313137e-01,1.000000000000000000e+00
5.106478310531636922e-01,-1.932294372822083828e+00,-1.391344597880697753e+00,-1.393197422552984177e+00,-9.242970571284163661e-01,-1.348117654923542519e+00,-5.844839465376794330e-01,5.917951756634336480e-01,-1.518228395419692012e+00,1.000000000000000000e+00
6.047503809103896844e-01,-1.799704583408469949e+00,-7.399522394612401133e-01,-1.008281706876930306e+00,-7.621101790376675345e-01,-1.663995911601402478e+00,-1.981218913861866882e-01,3.808383643029848442e-01,-2.802066307615189267e+00,1.000000000000000000e+00
7.694349057035663186e-01,-4.516916295847904217e-01,-1.158701566137011918e+00,2.229519607645197521e+00,-7.170565505575490217e-01,-2.425786977317277993e-01,1.623310619002370725e+00,1.477797743321330071e+00,-1.022208039818527814e+00,1.000000000000000000e+00
8.400067555534550534e-01,-3.964492362861723462e-01,-1.019121844937947552e+00,2.071023706356529992e+00,-7.981551433009881347e-01,-2.425786977317277993e-01,1.696902441975028486e+00,1.309036304246967930e+00,-9.930233359924645065e-01,1.000000000000000000e+00
7.106182807712845273e-01,1.237263336285817673e-02,-2.281396022408468116e-01,2.116309700451504572e+00,-6.810115862942285325e-01,1.088580454805355258e+00,2.377641758107231773e+00,8.027519870238825073e-01,-4.094688038200959279e-01,1.000000000000000000e+00
1.157600330050077675e+00,2.554572662448713061e-01,4.232527561786108561e-01,9.615625534233430693e-01,1.479298251969823341e-01,-2.200166781972009433e-01,5.378162765205503071e-01,6.761758952006146073e-01,-8.471396866761187194e-01,1.000000000000000000e+00
5.694644559854453725e-01,-1.832852030761873419e+00,-1.484397745346740516e+00,-9.403577937782113816e-01,-7.080478863407512202e-01,-1.460927752596176576e+00,-6.764787097985415221e-01,4.230337365890718404e-01,-1.955899278275714748e+00,1.000000000000000000e+00
6.282810809177271638e-01,-1.810757084816658757e+00,-6.468990919951972396e-01,-1.121491614070623477e+00,-6.990392221239534187e-01,-1.663995911601402478e+00,-1.413236486446230698e-02,3.808383643029848442e-01,-2.656172690845350903e+00,1.000000000000000000e+00
6.753323558463402154e-01,-2.020694270345268606e+00,2.836628719009678390e-01,-4.875181650034386971e-01,-2.374959988332228988e+00,-1.348117654923542519e+00,-5.292850947631460024e-01,4.331548615426116661e-02,-2.160152335244186705e+00,1.000000000000000000e+00
7.929554806248420018e-01,-3.964492362861723462e-01,-1.065648418670968933e+00,2.161585538458993483e+00,-7.170565505575490217e-01,-2.651407172662545997e-01,1.641713559290575608e+00,1.393417023784149222e+00,-9.638485996198938865e-01,1.000000000000000000e+00
8.400067555534550534e-01,-4.295966836395758159e-01,-7.399522394612401133e-01,2.501215260040073218e+00,-6.720029220774307310e-01,-2.425786977317277993e-01,1.660106530488699716e+00,1.266850956995874133e+00,-1.022208039818527814e+00,1.000000000000000000e+00
-9.082108540278207576e-01,6.311316885404983923e-01,5.628324773776751666e-01,-5.780901531933871906e-01,1.850886891451780647e+00,4.568439078386040131e-01,9.625536959452415942e-02,-4.207834838177304526e-01,5.738678286198995587e-02,1.000000000000000000e+00
6.047503809103896844e-01,-1.832852030761873419e+00,-6.468990919951972396e-01,-1.302625434363035684e+00,-9.693506856085347678e-01,-1.618871872532348766e+00,-2.717137143588443382e-01,7.183712674867016590e-01,-2.685357394671413989e+00,1.000000000000000000e+00
6.635670058426715867e-01,-1.788652082000281140e+00,-7.399522394612401133e-01,-8.497858055882629991e-01,-8.071638075177859362e-01,-1.618871872532348766e+00,-2.717137143588443382e-01,7.605566147377955666e-01,-2.422754864957800347e+00,1.000000000000000000e+00
4.871272561318878980e-01,-1.899146925468680358e+00,-3.212029127854683641e-01,-6.233659912008766568e-01,-1.221634513263391675e+00,-1.257869576785435095e+00,-4.373003005923641329e-01,1.013698773349338333e+00,-2.335220688386595800e+00,1.000000000000000000e+00
8.752926804783993653e-01,-1.236187921529447786e+00,8.885286565874039866e-01,7.351427390359566161e-01,-1.744240111798958548e+00,-6.712570688877376179e-01,7.401987742403989268e-01,1.519993115607416900e+00,-1.430694218848487465e+00,1.000000000000000000e+00
8.282414055497863137e-01,-4.627441309929792301e-01,-1.112174992403990315e+00,2.184233613550222941e+00,-8.071638075177859362e-01,-2.425786977317277993e-01,1.494529913345260308e+00,1.182470237458693507e+00,-1.138916952762303092e+00,1.000000000000000000e+00
-9.508374663474810085e-01,4.985418991268844024e-01,4.697793299116323484e-01,-2.837464257072819240e-01,2.049118733805850301e+00,5.019679469076576694e-01,-3.637084776197064828e-01,-4.207834838177304526e-01,1.740956958057651716e-01,1.000000000000000000e+00
-9.450054167759549539e-01,5.758892952418802613e-01,4.697793299116323484e-01,-4.422321709084645058e-01,1.995056441108933765e+00,6.147780445802918381e-01,-4.556932717904884078e-01,-5.473495506060052085e-01,2.032704321783358747e-01,1.000000000000000000e+00
-7.568003170615027475e-01,8.742163214225114887e-01,1.121171688331090044e+00,-1.204061722492130726e-02,2.130207019153159909e+00,4.794059273731308690e-01,-5.844839465376794330e-01,-7.583063619664541788e-01,-1.176815702804191316e-01,1.000000000000000000e+00
6.047503809103896844e-01,-1.865999478115276888e+00,-1.484397745346740516e+00,-1.279987515359291006e+00,-9.693506856085347678e-01,-1.393241693992596231e+00,-7.316675924829947331e-01,5.917951756634336480e-01,-1.401519482475916734e+00,1.000000000000000000e+00
8.400067555534550534e-01,-7.831761599899881299e-01,-1.112174992403990315e+00,2.184233613550222941e+00,-8.431984643849774752e-01,5.922160250457650932e-01,1.365739238598069116e+00,1.351231676533054982e+00,-1.051382776191098545e+00,1.000000000000000000e+00
-9.611853043025149201e-01,5.648367938336913419e-01,5.163059036446536743e-01,-3.063843447110266571e-01,2.085153390673041507e+00,5.922160250457650932e-01,-3.453055373315019883e-01,-4.207834838177304526e-01,1.449209594331944961e-01,1.000000000000000000e+00
8.164861806321793702e-01,-1.899146925468680358e+00,-6.468990919951972396e-01,-6.460140662921061150e-01,-7.080478863407512202e-01,-1.460927752596176576e+00,-5.092827635079113374e-02,5.496098284123397404e-01,-2.189327071616757436e+00,1.000000000000000000e+00
-9.302329162119681305e-01,5.758892952418802613e-01,4.697793299116323484e-01,-2.384604316123076495e-01,2.130207019153159909e+00,7.275881422529260067e-01,-3.637084776197064828e-01,-3.364027642805495488e-01,3.199893125756035905e-01,1.000000000000000000e+00
-7.420278164975160351e-01,8.410688740691080190e-01,1.214224835797133029e+00,-7.996453032364024549e-02,2.193277976066874579e+00,5.470919859767113813e-01,-5.660810062494748829e-01,-8.005017342525411195e-01,-5.933209753527777380e-02,1.000000000000000000e+00
6.282810809177271638e-01,-1.877051979523465697e+00,-1.530924319079762119e+00,-1.121491614070623477e+00,-8.522071286017752767e-01,-1.483489772130703654e+00,-8.972541787165145832e-01,1.276962056914420773e-01,-1.926724541903144017e+00,1.000000000000000000e+00
7.811901306211733731e-01,-1.865999478115276888e+00,-7.864788131942616056e-01,-1.325273509454265142e+00,-7.981551433009881347e-01,-1.709119950670455967e+00,-1.613259798998578631e-01,4.230337365890718404e-01,-2.626997954472780172e+00,1.000000000000000000e+00
7.106182807712845273e-01,-2.031736714882294237e+00,4.232527561786108561e-01,1.060745786630824111e-02,-2.275844067155194494e+00,-1.032249381440166758e+00,-1.613259798998578631e-01,4.230337365890718404e-01,-1.955899278275714748e+00,1.000000000000000000e+00
7.459042056962289502e-01,-1.975645521657515002e-01,-3.212029127854683641e-01,1.889889886064118008e+00,-7.440928506040718204e-01,2.312237124933356480e-01,1.347336298309864677e+00,1.562178462858510697e+00,-4.970029803913004751e-01,1.000000000000000000e+00
-8.979541418473419023e-01,5.979842411870949226e-01,4.697793299116323484e-01,-3.063843447110266571e-01,2.094162054889839641e+00,6.373400641148185830e-01,-4.188973603041596383e-01,-2.942073919944624971e-01,2.616298723769697743e-01,1.000000000000000000e+00
2.401156565712156132e-01,-1.611862343825074984e+00,-1.112174992403990315e+00,-1.257349596355546106e+00,-1.077475271002367396e+00,-1.483489772130703654e+00,-1.118039616724567642e+00,4.230337365890718404e-01,-1.664122012189530153e+00,1.000000000000000000e+00
4.753619061282192693e-01,-1.832852030761873419e+00,-2.746661759738682762e-01,-6.686519852958509036e-01,-1.014394006692524108e+00,-1.325555635389015663e+00,-3.269025970432973827e-01,1.182470237458693507e+00,-2.306035984560532270e+00,1.000000000000000000e+00
6.047503809103896844e-01,-1.832852030761873419e+00,-3.212029127854683641e-01,-4.648802459996940195e-01,-1.248670813309914251e+00,-1.280431596319962173e+00,-1.981218913861866882e-01,1.224655584709787304e+00,-2.364395424759166531e+00,1.000000000000000000e+00
7.106182807712845273e-01,-2.859543928177730732e-01,-2.281396022408468116e-01,1.844603891969143650e+00,-5.819059725133229888e-01,3.214717906314430440e-01,1.384132209796193447e+00,1.309036304246967930e+00,-6.428866297076464287e-01,1.000000000000000000e+00
7.576695556998975789e-01,2.333623202996566726e-01,9.755657696888200836e-02,2.388005352846380269e+00,-3.746654659424556999e-01,1.156266513408935825e+00,2.414437669593560987e+00,7.605566147377955666e-01,-3.511093636214620561e-01,1.000000000000000000e+00
1.204651604978690838e+00,4.101520584748628573e-01,4.697793299116323484e-01,1.414402182198115865e+00,9.387783989619510883e-02,7.328957575164785077e-02,1.273744475337206916e+00,1.098089517921512215e+00,-4.386435401926666033e-01,1.000000000000000000e+00
7.106182807712845273e-01,-1.854946976707088080e+00,-7.864788131942616056e-01,-1.234701521264316648e+00,-6.720029220774307310e-01,-1.686557931135929334e+00,-1.245300684135290520e-01,6.339905479495206997e-01,-2.918775220558964545e+00,1.000000000000000000e+00
8.635273304747307366e-01,-3.633017889327688210e-01,-8.330053869272830980e-01,1.980451718166581720e+00,-8.612261002147022504e-01,-2.425786977317277993e-01,1.476126973057055647e+00,1.055894145635425163e+00,-9.930233359924645065e-01,1.000000000000000000e+00
-8.243650163510733986e-01,5.979842411870949226e-01,9.815818040534468603e-01,-2.837464257072819240e-01,2.094162054889839641e+00,9.080842985291406322e-01,-3.269025970432973827e-01,-3.364027642805495488e-01,2.324551360043990433e-01,1.000000000000000000e+00
-7.568003170615027475e-01,7.858264807704898880e-01,1.074645114598068663e+00,1.060745786630824111e-02,2.202286640283672270e+00,7.952742008565064635e-01,-4.188973603041596383e-01,-4.629688310688243602e-01,1.449209594331944961e-01,1.000000000000000000e+00
4.871272561318878980e-01,-1.832852030761873419e+00,-1.344818024147676372e+00,-1.302625434363035684e+00,-9.513230497788099926e-01,-1.302993615854488807e+00,-5.844839465376794330e-01,7.183712674867016590e-01,-1.605762571990896559e+00,1.000000000000000000e+00
8.517721055571236821e-01,-1.832852030761873419e+00,-6.468990919951972396e-01,-8.271478865845183215e-01,-6.720029220774307310e-01,-1.438365733061649721e+00,-1.613259798998578631e-01,5.496098284123397404e-01,-2.189327071616757436e+00,1.000000000000000000e+00
5.694644559854453725e-01,-1.843904532170062227e+00,-3.212029127854683641e-01,-6.007280721971318682e-01,-9.062694212986915909e-01,-1.325555635389015663e+00,-4.188973603041596383e-01,1.098089517921512215e+00,-2.335220688386595800e+00,1.000000000000000000e+00
7.341388556925603215e-01,-2.196594981109661060e-01,-4.607826339845327301e-01,1.844603891969143650e+00,-7.711188432544653359e-01,1.635376538897551635e-01,1.292147415625411355e+00,1.224655584709787304e+00,-6.720713335337096250e-01,1.000000000000000000e+00
7.223836307749532670e-01,-2.970068942259618816e-01,-3.677294865184898565e-01,1.889889886064118008e+00,-6.269492935973123293e-01,2.537857320278624762e-01,1.347336298309864677e+00,1.519993115607416900e+00,-4.386435401926666033e-01,1.000000000000000000e+00
-7.097490421328896959e-01,8.300163726609190995e-01,1.121171688331090044e+00,7.853137096502717240e-02,2.274376568810313248e+00,7.050261227183991508e-01,-3.269025970432973827e-01,-4.207834838177304526e-01,1.449209594331944961e-01,1.000000000000000000e+00
-7.155810917044156394e-01,8.521213754772968274e-01,1.353814720074776101e+00,3.324537687005293257e-02,2.292393897243909073e+00,5.245299664421845254e-01,-5.108921235650217829e-01,-4.207834838177304526e-01,-3.014739370921459133e-02,1.000000000000000000e+00
5.812298059891140012e-01,-1.910199426876869166e+00,2.371362981679463744e-01,-3.969461768134902591e-01,-2.122665853281243464e+00,-1.145059479112801037e+00,-5.108921235650217829e-01,5.074144561262527997e-01,-1.897549805530573286e+00,1.000000000000000000e+00
1.028211855267907371e+00,-1.335630263589658417e+00,5.163059036446536743e-01,9.615625534233430693e-01,-1.843345725579864425e+00,-7.163811079567912188e-01,8.137905972130565768e-01,1.604373835144597749e+00,-1.343160042277282917e+00,1.000000000000000000e+00
6.400464309213957925e-01,-1.644171048123480028e-01,-4.142560602515112933e-01,2.003099793257811179e+00,-4.827900513362883284e-01,1.184136148207015071e-01,1.365739238598069116e+00,1.519993115607416900e+00,-4.678182765652373343e-01,1.000000000000000000e+00
1.216416954982359355e+00,2.002148729462531751e-01,3.301894456339892758e-01,9.842106285145725275e-01,2.830907106373375948e-01,-1.523306195936204588e-01,9.977701546447007575e-01,1.098089517921512215e+00,-8.179549828500555231e-01,1.000000000000000000e+00
6.518016558390027360e-01,-1.788652082000281140e+00,-1.065648418670968933e+00,-1.393197422552984177e+00,-8.612261002147022504e-01,-1.663995911601402478e+00,-3.453055373315019883e-01,5.496098284123397404e-01,-2.714532131043984275e+00,2.000000000000000000e+00
7.459042056962289502e-01,-1.755504634646877671e+00,-7.864788131942616056e-01,-8.950717996832371348e-01,-7.170565505575490217e-01,-1.551185813928768420e+00,-1.613259798998578631e-01,6.339905479495206997e-01,-2.072618158672982158e+00,2.000000000000000000e+00
9.105786054033437882e-01,-6.395338691681854426e-01,-1.112174992403990315e+00,1.776679978870424614e+00,-7.440928506040718204e-01,5.245299664421845254e-01,1.218555592652753816e+00,1.562178462858510697e+00,-1.080557512563669276e+00,2.000000000000000000e+00
8.635273304747307366e-01,-4.075017376943611547e-01,-6.934256657282187319e-01,1.799317897874169514e+00,-8.612261002147022504e-01,-1.072065805245668024e-01,1.531325824831589077e+00,1.140274865172606455e+00,-9.930233359924645065e-01,2.000000000000000000e+00
1.145834980046409157e+00,-2.638594468725584674e-01,1.440831507019034730e-01,1.142696373715755165e+00,-4.737813871194904158e-01,5.019679469076576694e-01,1.494529913345260308e+00,1.182470237458693507e+00,-4.970029803913004751e-01,2.000000000000000000e+00
-9.302329162119681305e-01,6.311316885404983923e-01,5.163059036446536743e-01,-5.328041590984130549e-01,1.796824598754864555e+00,4.794059273731308690e-01,-5.092827635079113374e-02,-5.473495506060052085e-01,2.820207903592676993e-02,2.000000000000000000e+00
7.106182807712845273e-01,-2.042789216290482823e+00,-1.670514203357404970e+00,-1.325273509454265142e+00,-8.882520928650958769e-01,-1.641433892066875622e+00,-9.524530304910477918e-01,-1.676413252061877135e-01,-2.568638514274146356e+00,2.000000000000000000e+00
6.047503809103896844e-01,-1.854946976707088080e+00,-5.073092077175541670e-01,-6.233659912008766568e-01,-8.161724717345837377e-01,-1.325555635389015663e+00,-5.660810062494748829e-01,9.715134260982444259e-01,-2.247686511815391253e+00,2.000000000000000000e+00
8.752926804783993653e-01,-3.633017889327688210e-01,-5.073092077175541670e-01,2.003099793257811179e+00,-8.341898001681795627e-01,-2.200166781972009433e-01,1.512922884543384416e+00,8.871327065610634666e-01,-1.022208039818527814e+00,2.000000000000000000e+00
9.341093054106812676e-01,-4.516916295847904217e-01,-4.607826339845327301e-01,2.252157526648942198e+00,-5.188247082034797009e-01,3.214717906314430440e-01,1.936080851181205986e+00,1.435612396070236274e+00,-3.511093636214620561e-01,2.000000000000000000e+00
9.341093054106812676e-01,-4.627441309929792301e-01,-3.677294865184898565e-01,1.957813799162836821e+00,-5.548696724668001901e-01,3.891578492350235563e-01,1.512922884543384416e+00,1.055894145635425163e+00,-6.137118933350756977e-01,2.000000000000000000e+00
7.223836307749532670e-01,-4.286975993575992822e-02,2.836628719009678390e-01,1.844603891969143650e+00,-4.827900513362883284e-01,8.855222789946137762e-01,1.991279702955739639e+00,1.435612396070236274e+00,2.820207903592676993e-02,2.000000000000000000e+00
-8.405449038776332538e-01,8.079214267157045493e-01,1.028118540865047281e+00,-2.384604316123076495e-01,2.076144726456243816e+00,9.983323766672478339e-01,-3.821014488178308133e-01,-4.207834838177304526e-01,2.032704321783358747e-01,2.000000000000000000e+00
8.517721055571236821e-01,-2.196594981109661060e-01,-4.607826339845327301e-01,2.071023706356529992e+00,-6.990392221239534187e-01,2.989097710969161881e-01,1.420928121282522216e+00,1.309036304246967930e+00,-4.094688038200959279e-01,2.000000000000000000e+00
7.223836307749532670e-01,-1.644171048123480028e-01,-3.212029127854683641e-01,2.025737712261555856e+00,-2.665408805486231270e-01,5.470919859767113813e-01,1.604917647804246617e+00,1.182470237458693507e+00,-4.678182765652373343e-01,2.000000000000000000e+00
1.228172179899966521e+00,4.764469531816697967e-01,3.767261824455893637e-01,1.278554356000677794e+00,-8.633667402427855353e-02,1.184136148207015071e-01,1.347336298309864677e+00,1.140274865172606455e+00,-5.261777167638711505e-01,2.000000000000000000e+00
8.047208306285106305e-01,-1.899146925468680358e+00,-5.538357814505756593e-01,-8.045099675807735329e-01,-6.449769294270371045e-01,-1.438365733061649721e+00,-1.061271281253244880e-01,1.055894145635425163e+00,-2.130967631418123176e+00,2.000000000000000000e+00
1.063497780192851572e+00,-1.468230109874435252e+00,4.232527561786108561e-01,1.165344448806984623e+00,-1.780274768666150198e+00,-7.163811079567912188e-01,7.953876569248520267e-01,1.562178462858510697e+00,-1.313985305904712186e+00,2.000000000000000000e+00
8.517721055571236821e-01,-1.412977659704654165e+00,2.371362981679463744e-01,1.323840350095652152e+00,-1.690177819102042456e+00,-7.615051470258449307e-01,5.378162765205503071e-01,1.604373835144597749e+00,-1.168091689134873823e+00,2.000000000000000000e+00
6.753323558463402154e-01,-1.754595493493738279e-01,-4.607826339845327301e-01,2.003099793257811179e+00,-5.008073797698840979e-01,1.184136148207015071e-01,1.255351504139082586e+00,1.435612396070236274e+00,-5.845371569625050778e-01,2.000000000000000000e+00
1.251702879907303778e+00,-1.975645521657515002e-01,5.103000323586055070e-02,1.301192275004422694e+00,-3.296118374623372982e-01,4.117198687695503012e-01,1.476126973057055647e+00,1.055894145635425163e+00,-4.386435401926666033e-01,2.000000000000000000e+00
1.134069630042740418e+00,-2.638594468725584674e-01,9.755657696888200836e-02,1.187982367810729301e+00,-4.287277586393719586e-01,5.072755621712102259e-02,1.402535150084397886e+00,1.309036304246967930e+00,-4.386435401926666033e-01,2.000000000000000000e+00
8.047208306285106305e-01,-1.777609637463255510e+00,-6.468990919951972396e-01,-8.950717996832371348e-01,-6.720029220774307310e-01,-1.528623794394241564e+00,-2.165148625843109631e-01,5.496098284123397404e-01,-2.160152335244186705e+00,2.000000000000000000e+00
9.223439554070124169e-01,-6.284813677599965231e-01,-1.344818024147676372e+00,1.731393984775450479e+00,-9.693506856085347678e-01,-1.974546586626741429e-01,1.200152652364549377e+00,1.393417023784149222e+00,-1.197276392960936908e+00,2.000000000000000000e+00
7.929554806248420018e-01,-5.392226134394876441e-02,2.371362981679463744e-01,2.206871532553968063e+00,-5.098160439866818994e-01,9.757703571327212000e-01,1.954483791469410425e+00,1.435612396070236274e+00,-9.726573366439120009e-04,2.000000000000000000e+00
1.122314405125133474e+00,-2.859543928177730732e-01,4.232527561786108561e-01,1.323840350095652152e+00,-2.214872520685047252e-01,-1.974546586626741429e-01,1.016173094932905308e+00,1.140274865172606455e+00,-4.386435401926666033e-01,2.000000000000000000e+00
1.169365680053746637e+00,1.339199782394462634e-01,3.767261824455893637e-01,1.278554356000677794e+00,-1.133626666746721523e-01,-1.695850238645947236e-02,1.200152652364549377e+00,1.182470237458693507e+00,-4.678182765652373343e-01,2.000000000000000000e+00
7.576695556998975789e-01,-6.063864218147819729e-01,-1.065648418670968933e+00,1.640821996585501985e+00,-9.333057213452142786e-01,-1.695850238645947236e-02,1.347336298309864677e+00,1.435612396070236274e+00,-1.168091689134873823e+00,2.000000000000000000e+00
7.576695556998975789e-01,-5.069440797545714528e-01,-4.607826339845327301e-01,1.708745909684221020e+00,-9.693506856085347678e-01,-1.695850238645947236e-02,1.531325824831589077e+00,1.309036304246967930e+00,-8.179549828500555231e-01,2.000000000000000000e+00
9.576298803319568398e-01,-4.295966836395758159e-01,-5.073092077175541670e-01,1.980451718166581720e+00,-5.909146367301207903e-01,4.342818883040771571e-01,1.604917647804246617e+00,1.182470237458693507e+00,-6.428866297076464287e-01,2.000000000000000000e+00
1.004681155260569891e+00,-3.633017889327688210e-01,-4.142560602515112933e-01,2.003099793257811179e+00,-5.548696724668001901e-01,2.537857320278624762e-01,1.494529913345260308e+00,1.309036304246967930e+00,-7.596055101049141722e-01,2.000000000000000000e+00
7.341388556925603215e-01,-3.181725852757108508e-02,-2.746661759738682762e-01,2.093661625360274670e+00,-1.584162951547905818e-01,5.470919859767113813e-01,1.936080851181205986e+00,1.224655584709787304e+00,-5.933209753527777380e-02,2.000000000000000000e+00
8.047208306285106305e-01,1.330188825832384191e-03,3.767261824455893637e-01,2.048375631265300534e+00,-5.728870009003960151e-01,9.306463180636674881e-01,1.936080851181205986e+00,1.013698773349338333e+00,1.740956958057651716e-01,2.000000000000000000e+00
7.811901306211733731e-01,-6.726813165215889123e-01,-1.158701566137011918e+00,1.754031903779195156e+00,-8.612261002147022504e-01,-8.464456099003996037e-02,1.236948563850878147e+00,1.477797743321330071e+00,-1.197276392960936908e+00,2.000000000000000000e+00
9.929259303429629480e-01,-5.179865242915974166e-01,-4.142560602515112933e-01,1.912527805067862685e+00,-4.467450870729677836e-01,4.117198687695503012e-01,1.641713559290575608e+00,1.098089517921512215e+00,-6.720713335337096250e-01,2.000000000000000000e+00
1.051732430189182832e+00,-4.516916295847904217e-01,-3.677294865184898565e-01,2.093661625360274670e+00,-4.377364228561698711e-01,3.214717906314430440e-01,1.788897205235890686e+00,1.055894145635425163e+00,-5.553524531364418815e-01,2.000000000000000000e+00
1.098783705117795995e+00,-3.633017889327688210e-01,-3.677294865184898565e-01,2.003099793257811179e+00,-5.008073797698840979e-01,2.989097710969161881e-01,1.660106530488699716e+00,1.224655584709787304e+00,-7.596055101049141722e-01,2.000000000000000000e+00
8.164861806321793702e-01,-3.181725852757108508e-02,2.836628719009678390e-01,2.025737712261555856e+00,-5.008073797698840979e-01,9.532083375981942330e-01,1.788897205235890686e+00,1.266850956995874133e+00,5.738678286198995587e-02,2.000000000000000000e+00
7.694349057035663186e-01,1.330188825832384191e-03,3.767261824455893637e-01,2.093661625360274670e+00,-5.278436798164066746e-01,8.855222789946137762e-01,2.028075614442068186e+00,1.224655584709787304e+00,1.740956958057651716e-01,2.000000000000000000e+00
8.400067555534550534e-01,1.237263336285817673e-02,3.301894456339892758e-01,2.161585538458993483e+00,-7.350738789911448468e-01,8.855222789946137762e-01,2.156866289189259156e+00,1.055894145635425163e+00,-2.052157468516236927e-01,2.000000000000000000e+00
7.929554806248420018e-01,1.237263336285817673e-02,9.755657696888200836e-02,2.252157526648942198e+00,-8.612261002147022504e-01,8.855222789946137762e-01,2.304049935134574234e+00,9.715134260982444259e-01,-2.344004506776868613e-01,2.000000000000000000e+00
7.811901306211733731e-01,-1.921241871413895019e+00,-1.344818024147676372e+00,-1.189415527169342512e+00,-7.260652147743470453e-01,-1.573747833463295054e+00,-7.132746212848702916e-01,4.230337365890718404e-01,-2.539463777901575625e+00,2.000000000000000000e+00
6.282810809177271638e-01,-1.932294372822083828e+00,-1.205228139870033299e+00,-1.302625434363035684e+00,-8.161724717345837377e-01,-1.618871872532348766e+00,-5.108921235650217829e-01,4.652190838401657480e-01,-2.685357394671413989e+00,2.000000000000000000e+00
1.145834980046409157e+00,-2.970068942259618816e-01,3.767261824455893637e-01,1.391764263194370965e+00,-1.494076309379926970e-01,-2.877027368007814556e-01,1.347336298309864677e+00,9.293180538121573742e-01,-4.678182765652373343e-01,2.000000000000000000e+00
-5.582473793920165184e-01,9.736586634827218978e-01,9.350552303204254789e-01,5.588329587379761709e-02,2.328438861507229340e+00,6.147780445802918381e-01,-5.108921235650217829e-01,-4.629688310688243602e-01,1.740956958057651716e-01,2.000000000000000000e+00
7.929554806248420018e-01,1.237263336285817673e-02,4.697793299116323484e-01,2.071023706356529992e+00,-6.269492935973123293e-01,8.855222789946137762e-01,1.991279702955739639e+00,1.224655584709787304e+00,-3.014739370921459133e-02,2.000000000000000000e+00
1.310509379753524106e+00,-1.644171048123480028e-01,1.440831507019034730e-01,1.482326095296834678e+00,-2.034699236349089835e-01,4.117198687695503012e-01,1.549718796029713186e+00,1.224655584709787304e+00,-2.344004506776868613e-01,2.000000000000000000e+00
1.016446505264238631e+00,-2.970068942259618816e-01,9.755657696888200836e-02,1.097420535708265588e+00,-3.746654659424556999e-01,-2.200166781972009433e-01,1.457734001858931316e+00,1.140274865172606455e+00,-4.386435401926666033e-01,2.000000000000000000e+00
7.341388556925603215e-01,-1.678167295403044879e+00,-8.330053869272830980e-01,-1.393197422552984177e+00,-7.711188432544653359e-01,-1.370679674458069153e+00,-1.044437824661829772e+00,6.761758952006146073e-01,-1.226451129333507639e+00,2.000000000000000000e+00
5.106478310531636922e-01,-1.556619950526456853e+00,-1.112174992403990315e+00,-1.212063602260571971e+00,-1.032421642522249217e+00,-1.438365733061649721e+00,-1.062840764950034433e+00,8.027519870238825073e-01,-1.459878922674550550e+00,2.000000000000000000e+00
7.223836307749532670e-01,-4.516916295847904217e-01,-4.607826339845327301e-01,1.640821996585501985e+00,-8.972607570818936784e-01,5.072755621712102259e-02,1.457734001858931316e+00,1.477797743321330071e+00,-9.930233359924645065e-01,2.000000000000000000e+00
-6.626977672042766443e-01,8.079214267157045493e-01,7.954755091213611129e-01,-7.996453032364024549e-02,2.238331604546992981e+00,6.147780445802918381e-01,-4.556932717904884078e-01,-6.317402951781793119e-01,1.157362556071313137e-01,2.000000000000000000e+00
-6.626977672042766443e-01,8.742163214225114887e-01,7.489489353883396205e-01,-5.732661131989554709e-02,2.202286640283672270e+00,7.275881422529260067e-01,-4.373003005923641329e-01,-5.473495506060052085e-01,-3.014739370921459133e-02,2.000000000000000000e+00
7.223836307749532670e-01,-9.722312582356455041e-03,2.836628719009678390e-01,2.048375631265300534e+00,-4.647727229026925033e-01,9.080842985291406322e-01,2.064871525928397400e+00,1.309036304246967930e+00,1.449209594331944961e-01,2.000000000000000000e+00
-7.302624664938471843e-01,8.963213242388891056e-01,1.167698262064111647e+00,-3.467853622866599872e-02,2.229322940330194847e+00,6.373400641148185830e-01,-2.717137143588443382e-01,-4.207834838177304526e-01,2.032704321783358747e-01,2.000000000000000000e+00
-6.891444919973769290e-01,8.631638200143225692e-01,9.815818040534468603e-01,-1.478884434223591560e-01,2.247340268763790672e+00,5.696540055112381262e-01,-2.717137143588443382e-01,-4.207834838177304526e-01,2.032704321783358747e-01,2.000000000000000000e+00
-6.259032044561423369e-01,9.626162189456960450e-01,9.815818040534468603e-01,-5.732661131989554709e-02,2.292393897243909073e+00,6.599020836493455500e-01,-4.740962120786929579e-01,-4.629688310688243602e-01,1.157362556071313137e-01,2.000000000000000000e+00
5.694644559854453725e-01,-1.656062292586667040e+00,-1.205228139870033299e+00,-1.257349596355546106e+00,-9.513230497788099926e-01,-1.438365733061649721e+00,-1.136432587922691972e+00,5.917951756634336480e-01,-1.401519482475916734e+00,2.000000000000000000e+00
5.341785310605009496e-01,-1.645009791178478453e+00,-1.344818024147676372e+00,-1.325273509454265142e+00,-8.702347644315000519e-01,-1.348117654923542519e+00,-6.028868868258838720e-01,7.183712674867016590e-01,-1.401519482475916734e+00,2.000000000000000000e+00
8.164861806321793702e-01,-9.489133967570054784e-01,-1.065648418670968933e+00,1.844603891969143650e+00,-1.248670813309914251e+00,7.050261227183991508e-01,1.641713559290575608e+00,1.519993115607416900e+00,-8.763144230486893393e-01,2.000000000000000000e+00
7.341388556925603215e-01,-3.181725852757108508e-02,-2.746661759738682762e-01,2.138947619455248805e+00,-1.494076309379926970e-01,6.373400641148185830e-01,1.972886731757615308e+00,1.351231676533054982e+00,-2.344004506776868613e-01,2.000000000000000000e+00
-6.523499292492427326e-01,8.300163726609190995e-01,9.350552303204254789e-01,-7.996453032364024549e-02,2.229322940330194847e+00,6.373400641148185830e-01,-4.373003005923641329e-01,-5.051642033549114119e-01,1.449209594331944961e-01,2.000000000000000000e+00
8.047208306285106305e-01,7.866752806966513523e-02,3.767261824455893637e-01,2.206871532553968063e+00,-2.575322163318252700e-01,1.020894396201774912e+00,2.046478554730272847e+00,1.309036304246967930e+00,3.199893125756035905e-01,2.000000000000000000e+00
-6.361599166366211922e-01,9.184162701841036558e-01,8.420020828543826052e-01,-5.732661131989554709e-02,2.211305611896599466e+00,7.952742008565064635e-01,-4.556932717904884078e-01,-5.895449228920922602e-01,2.820207903592676993e-02,2.000000000000000000e+00
1.004681155260569891e+00,-1.313535317644443756e+00,6.558856248437181513e-01,8.257147272259051096e-01,-1.762257440232554373e+00,-6.261330298186839061e-01,5.562092477186746375e-01,1.266850956995874133e+00,-1.313985305904712186e+00,2.000000000000000000e+00
8.870580304820681050e-01,-1.346682764997847226e+00,2.836628719009678390e-01,1.323840350095652152e+00,-1.699186483318840146e+00,-5.584469712151034493e-01,6.114080994932079571e-01,1.435612396070236274e+00,-1.284810569532141455e+00,2.000000000000000000e+00
1.369326004685805787e+00,-1.644171048123480028e-01,9.755657696888200836e-02,1.550260164483038494e+00,-6.830903819455373671e-02,5.245299664421845254e-01,1.531325824831589077e+00,1.140274865172606455e+00,-1.468662741064823141e-01,2.000000000000000000e+00
1.051732430189182832e+00,-3.964492362861723462e-01,2.371362981679463744e-01,1.233268361905703658e+00,-4.016914585928493264e-01,-3.779508149388887683e-01,1.568121736317917847e+00,1.224655584709787304e+00,-3.219346272488914362e-01,2.000000000000000000e+00
4.400759812032749019e-01,-1.523472503173053383e+00,-1.298291450414654769e+00,-1.959246958521450033e+00,-1.401838719787735998e+00,-1.393241693992596231e+00,-1.246820322381678503e+00,-5.895449228920922602e-01,-1.839190365331939248e+00,2.000000000000000000e+00
5.694644559854453725e-01,-1.689209739940070731e+00,-1.251754713603054681e+00,-1.098853695066879022e+00,-7.440928506040718204e-01,-1.302993615854488807e+00,-6.396827983122127526e-01,8.027519870238825073e-01,-1.372344746103346003e+00,2.000000000000000000e+00
9.576298803319568398e-01,-1.567672451934645661e+00,5.103000323586055070e-02,9.389246344195982807e-01,-9.783593498253326803e-01,1.409756343552283631e-01,9.057753913838384463e-01,1.477797743321330071e+00,-7.012460699062802449e-01,2.000000000000000000e+00
9.929259303429629480e-01,-3.853967348779834823e-01,-4.142560602515112933e-01,2.478577341036328541e+00,-4.557537512897655851e-01,1.860996734242820194e-01,2.101667437414725725e+00,1.519993115607416900e+00,-2.344004506776868613e-01,2.000000000000000000e+00
8.752926804783993653e-01,-1.512420001764864352e+00,-1.816130285078253470e-01,1.097420535708265588e+00,-8.522071286017752767e-01,2.086616929588088476e-01,8.321835684111807963e-01,1.562178462858510697e+00,-5.845371569625050778e-01,2.000000000000000000e+00
9.576298803319568398e-01,-1.678167295403044879e+00,-3.677294865184898565e-01,7.577908141271861853e-01,-1.140546227916081623e+00,1.635376538897551635e-01,6.298010706913322876e-01,1.393417023784149222e+00,-4.386435401926666033e-01,2.000000000000000000e+00
9.693952303356255795e-01,-3.743442334697946738e-01,-6.003623551835971517e-01,2.229519607645197521e+00,-4.016914585928493264e-01,1.860996734242820194e-01,2.120070377702930386e+00,1.477797743321330071e+00,-4.094688038200959279e-01,2.000000000000000000e+00
1.087018355114127255e+00,-3.191018401711765429e-01,2.836628719009678390e-01,1.165344448806984623e+00,-3.476291658959330677e-01,-4.230748540079424247e-01,1.568121736317917847e+00,1.182470237458693507e+00,-4.386435401926666033e-01,2.000000000000000000e+00
1.051732430189182832e+00,-2.638594468725584674e-01,3.767261824455893637e-01,1.369116188103141507e+00,-2.214872520685047252e-01,-4.456368735424692806e-01,1.623310619002370725e+00,1.224655584709787304e+00,-4.386435401926666033e-01,2.000000000000000000e+00
6.635670058426715867e-01,-1.733409688701663010e+00,6.093590511106966590e-01,-1.478884434223591560e-01,-1.230643177480189365e+00,-9.645633228365863010e-01,-5.660810062494748829e-01,1.266850956995874133e+00,-2.393570161131737262e+00,2.000000000000000000e+00
7.459042056962289502e-01,-1.744462190109851818e+00,4.232527561786108561e-01,7.853137096502717240e-02,-1.221634513263391675e+00,-9.420013033020595561e-01,-5.292850947631460024e-01,8.871327065610634666e-01,-2.130967631418123176e+00,2.000000000000000000e+00
7.811901306211733731e-01,-1.656062292586667040e+00,2.836628719009678390e-01,-7.996453032364024549e-02,-1.329759098657224081e+00,-8.743152446984790993e-01,-3.085096258451731632e-01,1.477797743321330071e+00,-1.576587835618325828e+00,2.000000000000000000e+00
6.518016558390027360e-01,-1.689209739940070731e+00,-1.350864547748039102e-01,-3.743082578097455815e-01,-1.636115526405125919e+00,-1.212745537716381605e+00,-4.373003005923641329e-01,1.140274865172606455e+00,-2.043433454846919073e+00,2.000000000000000000e+00
9.105786054033437882e-01,-1.645009791178478453e+00,-6.468990919951972396e-01,7.804287331309308628e-01,-1.239651841696987278e+00,1.635376538897551635e-01,7.217958339521943767e-01,1.098089517921512215e+00,-4.386435401926666033e-01,2.000000000000000000e+00
8.164861806321793702e-01,4.552008071626164470e-02,3.767261824455893637e-01,2.138947619455248805e+00,-2.665408805486231270e-01,1.066018435270828402e+00,2.083274466216601617e+00,1.140274865172606455e+00,2.324551360043990433e-01,2.000000000000000000e+00
1.192886254975022098e+00,-1.533646034041591666e-01,-4.203330730876100180e-02,1.255906280909448336e+00,-3.296118374623372982e-01,6.373400641148185830e-01,1.365739238598069116e+00,1.055894145635425163e+00,-1.760410104790529895e-01,2.000000000000000000e+00
9.458746554143498964e-01,-1.943346874230272636e+00,-1.344818024147676372e+00,-1.257349596355546106e+00,-6.539855936438349060e-01,-1.551185813928768420e+00,-6.028868868258838720e-01,5.074144561262527997e-01,-2.510289041529004894e+00,2.000000000000000000e+00
9.458746554143498964e-01,-1.258292924345825625e+00,3.767261824455893637e-01,1.142696373715755165e+00,-1.681158847489115482e+00,-5.584469712151034493e-01,6.482040109795367266e-01,1.646559182395691989e+00,-1.255625865706078370e+00,2.000000000000000000e+00
8.988233804857368447e-01,-1.015208291463812307e+00,-1.298291450414654769e+00,1.459688176293090001e+00,-1.383821391354140395e+00,6.824641031838722949e-01,1.512922884543384416e+00,1.224655584709787304e+00,-1.109742216389732361e+00,2.000000000000000000e+00
9.811605803392942082e-01,-3.743442334697946738e-01,-4.142560602515112933e-01,2.342729514838890470e+00,-3.115945090287415842e-01,2.086616929588088476e-01,2.083274466216601617e+00,1.519993115607416900e+00,-2.344004506776868613e-01,2.000000000000000000e+00
1.087018355114127255e+00,-1.357735266406035812e+00,2.371362981679463744e-01,9.615625534233430693e-01,-1.654132854838721967e+00,-4.907609126115228815e-01,6.114080994932079571e-01,1.730949926967865871e+00,-1.051382776191098545e+00,2.000000000000000000e+00
6.165157309140584241e-01,-9.812221010554106337e-02,2.371362981679463744e-01,2.093661625360274670e+00,-4.107104302057762446e-01,1.043456415736301546e+00,1.770504234037766356e+00,1.013698773349338333e+00,2.908046087495403942e-01,2.000000000000000000e+00
-4.950060918507819818e-01,1.084153506951121004e+00,7.954755091213611129e-01,1.690932030674908160e-01,2.391509818420944011e+00,5.019679469076576694e-01,-3.269025970432973827e-01,-4.207834838177304526e-01,1.740956958057651716e-01,2.000000000000000000e+00
8.752926804783993653e-01,-2.131179056942504424e+00,-1.298291450414654769e+00,-1.234701521264316648e+00,-6.810115862942285325e-01,-1.528623794394241564e+00,-6.580757695103370830e-01,6.339905479495206997e-01,-2.335220688386595800e+00,2.000000000000000000e+00
7.929554806248420018e-01,-1.810757084816658757e+00,-1.816130285078253470e-01,-3.743082578097455815e-01,-1.176580884783273051e+00,-1.009687361905639902e+00,-3.085096258451731632e-01,1.309036304246967930e+00,-2.510289041529004894e+00,2.000000000000000000e+00
6.870875807639471589e-01,-1.722357187293474201e+00,3.767261824455893637e-01,1.464552840637461384e-01,-1.230643177480189365e+00,-9.871253423711132680e-01,-4.924891832768172328e-01,7.183712674867016590e-01,-1.897549805530573286e+00,2.000000000000000000e+00
9.811605803392942082e-01,-1.832852030761873419e+00,4.697793299116323484e-01,3.324537687005293257e-02,-2.203764446024682577e+00,-9.194392837675328112e-01,-3.453055373315019883e-01,1.055894145635425163e+00,-1.693296748562101106e+00,2.000000000000000000e+00
1.075263130196520533e+00,-1.667114793994856070e+00,3.767261824455893637e-01,1.690932030674908160e-01,-2.077612224801125063e+00,-8.517532251639521323e-01,-1.061271281253244880e-01,1.098089517921512215e+00,-9.930233359924645065e-01,2.000000000000000000e+00
8.517721055571236821e-01,-9.378608953488166700e-01,-1.112174992403990315e+00,1.821955816877914192e+00,-1.266688141743509854e+00,7.501501617874527517e-01,1.476126973057055647e+00,1.477797743321330071e+00,-1.022208039818527814e+00,2.000000000000000000e+00
8.282414055497863137e-01,-9.599558412940312202e-01,-1.065648418670968933e+00,1.754031903779195156e+00,-1.293714134393903370e+00,6.373400641148185830e-01,1.641713559290575608e+00,1.519993115607416900e+00,-8.179549828500555231e-01,2.000000000000000000e+00
1.110549055121464734e+00,-1.423121019959703304e-01,-8.855988104178245945e-02,1.346478269099396829e+00,-3.386205016791351552e-01,6.147780445802918381e-01,1.384132209796193447e+00,1.055894145635425163e+00,-2.927499234228281844e-01,2.000000000000000000e+00
6.635670058426715867e-01,-1.656062292586667040e+00,-4.203330730876100180e-02,-2.837464257072819240e-01,-1.663141519055519657e+00,-1.099935440043747326e+00,-2.717137143588443382e-01,1.351231676533054982e+00,-1.868365101704510201e+00,2.000000000000000000e+00
8.517721055571236821e-01,-8.605134992338209221e-01,-9.260585343933260827e-01,2.003099793257811179e+00,-1.654132854838721967e+00,7.275881422529260067e-01,1.420928121282522216e+00,1.309036304246967930e+00,-1.109742216389732361e+00,2.000000000000000000e+00
5.694644559854453725e-01,3.447763617923585433e-02,1.440831507019034730e-01,2.184233613550222941e+00,-7.080478863407512202e-01,9.532083375981942330e-01,1.862489028208548447e+00,1.140274865172606455e+00,5.738678286198995587e-02,2.000000000000000000e+00
8.517721055571236821e-01,-1.656062292586667040e+00,-1.065648418670968933e+00,-1.415835341556728855e+00,-5.008073797698840979e-01,-1.235307557250908239e+00,-1.026044853463705664e+00,7.183712674867016590e-01,-1.226451129333507639e+00,2.000000000000000000e+00
7.223836307749532670e-01,-1.722357187293474201e+00,4.232527561786108561e-01,-5.732661131989554709e-02,-1.131527256303154649e+00,-1.099935440043747326e+00,-6.396827983122127526e-01,1.224655584709787304e+00,-2.364395424759166531e+00,2.000000000000000000e+00
7.576695556998975789e-01,-1.667114793994856070e+00,1.440831507019034730e-01,1.238173650600014192e-01,-1.311741770223628256e+00,-9.645633228365863010e-01,-3.269025970432973827e-01,1.393417023784149222e+00,-1.780830925133305653e+00,2.000000000000000000e+00
8.164861806321793702e-01,-1.600819899288049131e+00,4.232527561786108561e-01,3.324537687005293257e-02,-1.311741770223628256e+00,-9.420013033020595561e-01,-2.901066855569685576e-01,1.477797743321330071e+00,-1.518228395419692012e+00,2.000000000000000000e+00
9.458746554143498964e-01,-1.578714896471671514e+00,-1.019121844937947552e+00,5.540089187435445206e-01,-1.383821391354140395e+00,1.635376538897551635e-01,6.114080994932079571e-01,1.013698773349338333e+00,-9.054891594212599593e-01,2.000000000000000000e+00
1.122314405125133474e+00,-1.423121019959703304e-01,-1.350864547748039102e-01,1.323840350095652152e+00,-3.656568017256578429e-01,7.050261227183991508e-01,1.641713559290575608e+00,1.055894145635425163e+00,-2.052157468516236927e-01,2.000000000000000000e+00
7.811901306211733731e-01,-1.799704583408469949e+00,1.440831507019034730e-01,-3.063843447110266571e-01,-1.149554892132879536e+00,-1.145059479112801037e+00,-4.188973603041596383e-01,1.140274865172606455e+00,-2.393570161131737262e+00,2.000000000000000000e+00
5.812298059891140012e-01,3.447763617923585433e-02,1.440831507019034730e-01,2.365367433842635148e+00,-6.629942578606328185e-01,1.020894396201774912e+00,1.972886731757615308e+00,1.182470237458693507e+00,2.032704321783358747e-01,2.000000000000000000e+00
6.988529307676158986e-01,-1.622914845233263792e+00,3.301894456339892758e-01,2.823031102611839871e-01,-1.311741770223628256e+00,-1.009687361905639902e+00,-4.188973603041596383e-01,1.393417023784149222e+00,-1.985083982101777833e+00,2.000000000000000000e+00
1.298754154835916941e+00,-1.600819899288049131e+00,-6.934256657282187319e-01,1.074772460617036129e+00,-1.437883684051056710e+00,5.603517148067357553e-03,6.114080994932079571e-01,1.857515993756140515e+00,-1.284810569532141455e+00,2.000000000000000000e+00
8.870580304820681050e-01,-1.689209739940070731e+00,-1.437871171613719135e+00,3.728750984511324251e-01,-1.446892348267854622e+00,1.635376538897551635e-01,6.114080994932079571e-01,1.393417023784149222e+00,-9.346738632473232666e-01,2.000000000000000000e+00
8.870580304820681050e-01,-1.324587819052632565e+00,-1.251754713603054681e+00,1.346478269099396829e+00,-1.690177819102042456e+00,5.245299664421845254e-01,1.310540386823535908e+00,1.266850956995874133e+00,-1.168091689134873823e+00,2.000000000000000000e+00
8.752926804783993653e-01,-1.313535317644443756e+00,-1.251754713603054681e+00,1.437050257289345323e+00,-1.762257440232554373e+00,6.147780445802918381e-01,1.439331061570726655e+00,1.224655584709787304e+00,-1.313985305904712186e+00,2.000000000000000000e+00
-5.273759919899634330e-01,1.084153506951121004e+00,7.489489353883396205e-01,5.588329587379761709e-02,1.760779634491543844e+00,5.922160250457650932e-01,-3.085096258451731632e-01,-3.785881115316434564e-01,2.324551360043990433e-01,2.000000000000000000e+00
8.752926804783993653e-01,-1.302482816236254726e+00,-1.205228139870033299e+00,1.210630442901958759e+00,-1.609079226358603343e+00,3.891578492350235563e-01,1.236948563850878147e+00,1.266850956995874133e+00,-1.080557512563669276e+00,2.000000000000000000e+00
5.106478310531636922e-01,3.447763617923585433e-02,1.906097244349249376e-01,2.523863335131302676e+00,-3.656568017256578429e-01,8.855222789946137762e-01,1.991279702955739639e+00,1.266850956995874133e+00,-5.933209753527777380e-02,2.000000000000000000e+00
1.157600330050077675e+00,-2.307119995191549700e-01,5.103000323586055070e-02,1.482326095296834678e+00,-4.467450870729677836e-01,6.599020836493455500e-01,1.880891968496752886e+00,1.013698773349338333e+00,-2.052157468516236927e-01,2.000000000000000000e+00
1.016446505264238631e+00,-1.667114793994856070e+00,-1.437871171613719135e+00,-1.936598883430220575e+00,-1.230643177480189365e+00,-1.280431596319962173e+00,-1.338815085642540481e+00,4.230337365890718404e-01,-1.313985305904712186e+00,2.000000000000000000e+00
1.016446505264238631e+00,-1.533646034041591666e-01,1.440831507019034730e-01,2.229519607645197521e+00,-6.900305579071555062e-01,1.043456415736301546e+00,2.138463348901054939e+00,1.140274865172606455e+00,-8.850683390784845617e-02,3.000000000000000000e+00
6.282810809177271638e-01,-1.622914845233263792e+00,2.371362981679463744e-01,1.917412781587203574e-01,-1.212625849046593540e+00,-9.194392837675328112e-01,-4.188973603041596383e-01,1.224655584709787304e+00,-2.043433454846919073e+00,3.000000000000000000e+00
8.635273304747307366e-01,-9.378608953488166700e-01,-1.019121844937947552e+00,1.957813799162836821e+00,-1.672150183272317570e+00,8.629602594600870313e-01,1.623310619002370725e+00,1.519993115607416900e+00,-8.471396866761187194e-01,3.000000000000000000e+00
1.028211855267907371e+00,-2.086069967027772698e-01,9.755657696888200836e-02,1.867241810972888549e+00,-6.900305579071555062e-01,9.306463180636674881e-01,1.862489028208548447e+00,1.098089517921512215e+00,-1.468662741064823141e-01,3.000000000000000000e+00
-5.067714418544506660e-01,1.128353455712713505e+00,9.350552303204254789e-01,1.060745786630824111e-02,1.977028805279209100e+00,5.922160250457650932e-01,-3.269025970432973827e-01,-2.520220447433686450e-01,2.032704321783358747e-01,3.000000000000000000e+00
1.357560654682137047e+00,-1.468230109874435252e+00,-5.073092077175541670e-01,1.323840350095652152e+00,-1.248670813309914251e+00,-2.200166781972009433e-01,6.114080994932079571e-01,1.562178462858510697e+00,-8.471396866761187194e-01,3.000000000000000000e+00
9.811605803392942082e-01,-1.656062292586667040e+00,-2.281396022408468116e-01,1.255906280909448336e+00,-7.891361716880611610e-01,3.891578492350235563e-01,7.401987742403989268e-01,1.519993115607416900e+00,-7.012460699062802449e-01,3.000000000000000000e+00
9.576298803319568398e-01,-1.291440371699228873e+00,-1.065648418670968933e+00,1.233268361905703658e+00,-1.564025597878484941e+00,4.342818883040771571e-01,1.310540386823535908e+00,1.562178462858510697e+00,-9.346738632473232666e-01,3.000000000000000000e+00
6.635670058426715867e-01,-9.722312582356455041e-03,-8.855988104178245945e-02,2.410653427937609727e+00,-1.223713308914700232e-01,1.043456415736301546e+00,1.936080851181205986e+00,1.351231676533054982e+00,8.656151923456062436e-02,3.000000000000000000e+00
1.016446505264238631e+00,-1.533646034041591666e-01,9.755657696888200836e-02,2.274795445652686876e+00,-5.368523440332045871e-01,1.088580454805355258e+00,2.028075614442068186e+00,1.182470237458693507e+00,-3.014739370921459133e-02,3.000000000000000000e+00
1.239937529903635260e+00,-1.512420001764864352e+00,-4.607826339845327301e-01,1.187982367810729301e+00,-1.212625849046593540e+00,-1.748926391281472870e-01,7.585917454385231462e-01,1.435612396070236274e+00,-6.428866297076464287e-01,3.000000000000000000e+00
1.039977205271576111e+00,-1.026250736000838160e+00,-1.205228139870033299e+00,1.867241810972888549e+00,-1.446892348267854622e+00,7.952742008565064635e-01,1.457734001858931316e+00,1.224655584709787304e+00,-1.255625865706078370e+00,3.000000000000000000e+00
9.929259303429629480e-01,-1.324587819052632565e+00,-1.205228139870033299e+00,8.483526462296498982e-01,-1.546008269444889338e+00,4.117198687695503012e-01,1.163356740878220608e+00,1.604373835144597749e+00,-1.080557512563669276e+00,3.000000000000000000e+00
7.811901306211733731e-01,-1.490325055819649913e+00,-1.112174992403990315e+00,-1.800751057232782504e+00,-1.176580884783273051e+00,-1.460927752596176576e+00,-1.228427351183554173e+00,-7.583063619664541788e-01,-1.459878922674550550e+00,3.000000000000000000e+00
9.929259303429629480e-01,-1.578714896471671514e+00,-1.344818024147676372e+00,-1.936598883430220575e+00,-1.419866355617460885e+00,-1.415803713527123087e+00,-1.283616233868007273e+00,-8.326060566900678195e-02,-1.459878922674550550e+00,3.000000000000000000e+00
1.251702879907303778e+00,-1.556619950526456853e+00,-7.864788131942616056e-01,8.936386403246241450e-01,-1.482937312531175111e+00,1.860996734242820194e-01,7.585917454385231462e-01,2.026277432830502434e+00,-1.372344746103346003e+00,3.000000000000000000e+00
9.576298803319568398e-01,-1.346682764997847226e+00,-1.112174992403990315e+00,1.006848547518317094e+00,-1.536999605228091426e+00,3.891578492350235563e-01,1.273744475337206916e+00,1.562178462858510697e+00,-1.051382776191098545e+00,3.000000000000000000e+00
2.445301940941068120e-01,-6.837237610586146541e-01,-1.577461055891362207e+00,-1.189415527169342512e+00,-3.926827943760514139e-01,-1.370679674458069153e+00,-1.485998731587855781e+00,-7.583063619664541788e-01,6.409413150343585830e-01,3.000000000000000000e+00
2.048196065602095606e-01,-6.947762624668035736e-01,-1.484397745346740516e+00,-1.302625434363035684e+00,-4.647727229026925033e-01,-1.415803713527123087e+00,-1.430809848903402681e+00,-8.005017342525411195e-01,7.284754916055631302e-01,3.000000000000000000e+00
1.204651604978690838e+00,-1.523472503173053383e+00,-1.251754713603054681e+00,-1.755465063137808368e+00,-1.230643177480189365e+00,-1.663995911601402478e+00,-1.541197583362389212e+00,2.120769252286229811e-01,-1.051382776191098545e+00,3.000000000000000000e+00
9.811605803392942082e-01,-1.667114793994856070e+00,-1.577461055891362207e+00,-1.981884877525194710e+00,-1.392830055570938086e+00,-1.325555635389015663e+00,-1.449202820101527012e+00,4.331548615426116661e-02,-1.401519482475916734e+00,3.000000000000000000e+00
9.223439554070124169e-01,-1.667114793994856070e+00,-1.205228139870033299e+00,-1.506407329746677348e+00,-7.080478863407512202e-01,-1.235307557250908239e+00,-1.007641913175501003e+00,7.605566147377955666e-01,-1.109742216389732361e+00,3.000000000000000000e+00
9.929259303429629480e-01,-1.379830212351250474e+00,-1.158701566137011918e+00,8.710007213208794674e-01,-1.509963305181568627e+00,3.665958297004967004e-01,1.236948563850878147e+00,1.562178462858510697e+00,-1.051382776191098545e+00,3.000000000000000000e+00
2.356909939622627848e-01,-6.726813165215889123e-01,-1.810093924556469336e+00,-1.212063602260571971e+00,-3.926827943760514139e-01,-1.280431596319962173e+00,-1.394013937417073912e+00,-6.739256424292732195e-01,6.701260188604217793e-01,3.000000000000000000e+00
2.754015814961600084e-01,-6.726813165215889123e-01,-1.437871171613719135e+00,-1.234701521264316648e+00,-4.016914585928493264e-01,-1.528623794394241564e+00,-1.412406908615198242e+00,-5.473495506060052085e-01,9.327285485740354209e-01,3.000000000000000000e+00
9.811605803392942082e-01,-1.689209739940070731e+00,-1.577461055891362207e+00,1.690932030674908160e-01,-1.464909676701450225e+00,2.989097710969161881e-01,6.849999224658656072e-01,1.309036304246967930e+00,-8.763144230486893393e-01,3.000000000000000000e+00
9.341093054106812676e-01,-1.799704583408469949e+00,-1.158701566137011918e+00,7.125048200322120495e-01,-1.482937312531175111e+00,3.665958297004967004e-01,1.255351504139082586e+00,1.646559182395691989e+00,-1.168091689134873823e+00,3.000000000000000000e+00
1.577683316315965367e-01,-3.080493387629876789e-01,-2.042736956300155615e+00,-7.818618924895439637e-01,-7.440928506040718204e-01,-1.077373420509220692e+00,-7.132746212848702916e-01,-8.326060566900678195e-02,8.451943720028308737e-01,3.000000000000000000e+00
4.238859685906533614e-01,-5.290390256997862251e-01,-2.228853414310819847e+00,-1.076205619975649341e+00,-5.368523440332045871e-01,-1.190183518181854749e+00,-1.338815085642540481e+00,-5.895449228920922602e-01,8.743691083754016047e-01,3.000000000000000000e+00
9.223439554070124169e-01,-1.700262241348259540e+00,-1.391344597880697753e+00,-1.596979317936625842e+00,-7.981551433009881347e-01,-1.235307557250908239e+00,-1.062840764950034433e+00,6.761758952006146073e-01,-1.109742216389732361e+00,3.000000000000000000e+00
9.453716917642360218e-02,-3.633017889327688210e-01,-2.089263530033176774e+00,-8.497858055882629991e-01,-6.720029220774307310e-01,-1.032249381440166758e+00,-8.052594154556522721e-01,-2.942073919944624971e-01,5.242324020905833049e-01,3.000000000000000000e+00
3.459734313460487432e-01,-3.853967348779834823e-01,-2.042736956300155615e+00,-8.497858055882629991e-01,-7.080478863407512202e-01,-1.167621498647327893e+00,-9.892489419773766723e-01,-3.364027642805495488e-01,9.327285485740354209e-01,3.000000000000000000e+00
9.458746554143498964e-01,-1.567672451934645661e+00,-1.391344597880697753e+00,-1.981884877525194710e+00,-1.437883684051056710e+00,-1.438365733061649721e+00,-1.394013937417073912e+00,-8.326060566900678195e-02,-1.343160042277282917e+00,3.000000000000000000e+00
1.028211855267907371e+00,-1.645009791178478453e+00,-1.298291450414654769e+00,-1.846037051327756862e+00,-1.185589549000070964e+00,-1.257869576785435095e+00,-1.210024410895349734e+00,2.120769252286229811e-01,-1.313985305904712186e+00,3.000000000000000000e+00
8.870580304820681050e-01,-1.667114793994856070e+00,-1.437871171613719135e+00,-1.868674970331501539e+00,-1.095492599435963221e+00,-1.370679674458069153e+00,-1.136432587922691972e+00,2.542722975147100328e-01,-1.343160042277282917e+00,3.000000000000000000e+00
1.039977205271576111e+00,-1.070450684762430660e+00,-1.112174992403990315e+00,1.731393984775450479e+00,-1.410857691400662972e+00,6.373400641148185830e-01,1.457734001858931316e+00,1.224655584709787304e+00,-1.605762571990896559e+00,3.000000000000000000e+00
4.014520685309470177e-02,-4.185441822313869520e-01,-2.089263530033176774e+00,-7.139379793908250393e-01,-4.197190944225741571e-01,-1.145059479112801037e+00,-8.420553269419811526e-01,-3.364027642805495488e-01,4.075234891468081377e-01,3.000000000000000000e+00
-3.435955548844639718e-01,1.150448401657928166e+00,1.028118540865047281e+00,-1.026024493273849370e-01,1.319282936095544922e+00,2.763477515623893321e-01,3.722296902870304569e-01,-3.364027642805495488e-01,2.908046087495403942e-01,3.000000000000000000e+00
-5.479906672115377742e-01,1.249890743718138353e+00,6.558856248437181513e-01,1.690932030674908160e-01,9.318382230003330324e-01,3.665958297004967004e-01,2.618419558280439818e-01,-4.207834838177304526e-01,-2.927499234228281844e-01,3.000000000000000000e+00
2.827422688908757809e-01,-3.522492875245799571e-01,-2.182316677499219981e+00,-6.913000603870803618e-01,-7.260652147743470453e-01,-1.122497459578274182e+00,-7.500705327711991721e-01,-3.364027642805495488e-01,9.327285485740354209e-01,3.000000000000000000e+00
-3.127342925684724606e-01,1.073101005542932418e+00,7.024223616553182392e-01,-3.290222637147712792e-01,1.328291600312342613e+00,3.891578492350235563e-01,-3.637084776197064828e-01,-4.629688310688243602e-01,-3.219346272488914362e-01,3.000000000000000000e+00
-3.185663421399984041e-01,1.194648350419520444e+00,1.167698262064111647e+00,-7.996453032364024549e-02,1.301255300265820036e+00,1.860996734242820194e-01,2.434390155398394040e-01,-4.207834838177304526e-01,2.032704321783358747e-01,3.000000000000000000e+00
-4.847493796703031821e-01,1.283038191071542045e+00,6.558856248437181513e-01,1.464552840637461384e-01,1.012926508347642862e+00,3.665958297004967004e-01,2.802349270261682013e-01,-4.207834838177304526e-01,-1.176815702804191316e-01,3.000000000000000000e+00
-4.935987048882088390e-01,1.260943245126327383e+00,6.093590511106966590e-01,1.690932030674908160e-01,1.048971472610963351e+00,4.117198687695503012e-01,2.802349270261682013e-01,-3.785881115316434564e-01,1.157362556071313137e-01,3.000000000000000000e+00
3.062628438121515195e-01,-6.505763137052111844e-01,-1.717040777090426573e+00,-1.234701521264316648e+00,-4.467450870729677836e-01,-1.506051791665230288e+00,-1.375610997128869473e+00,-6.317402951781793119e-01,1.107796901716444404e+00,3.000000000000000000e+00
-3.597855674970855122e-01,1.051006059597717757e+00,6.558856248437181513e-01,-1.026024493273849370e-01,1.436416185706175241e+00,4.568439078386040131e-01,-1.797189510979821658e-01,-4.207834838177304526e-01,1.157362556071313137e-01,3.000000000000000000e+00
7.985579438699191845e-02,-4.295966836395758159e-01,-2.042736956300155615e+00,-6.233659912008766568e-01,-1.764336235883862958e-01,-1.190183518181854749e+00,-8.604582672301857027e-01,-2.942073919944624971e-01,6.117665786617879631e-01,3.000000000000000000e+00
1.169365680053746637e+00,-1.733409688701663010e+00,-1.298291450414654769e+00,7.125048200322120495e-01,-1.437883684051056710e+00,4.794059273731308690e-01,8.137905972130565768e-01,1.562178462858510697e+00,-4.970029803913004751e-01,3.000000000000000000e+00
-3.538522670649428270e-01,1.128353455712713505e+00,7.024223616553182392e-01,-2.610983506160523548e-01,1.418388549876450355e+00,4.794059273731308690e-01,-1.061271281253244880e-01,-4.207834838177304526e-01,1.157362556071313137e-01,3.000000000000000000e+00
-2.965544050419126054e-01,1.194648350419520444e+00,1.167698262064111647e+00,-1.026024493273849370e-01,1.319282936095544922e+00,3.440338101659698444e-01,3.354337788007016319e-01,-3.364027642805495488e-01,2.908046087495403942e-01,3.000000000000000000e+00
-5.082800796776404395e-01,1.271995746534516192e+00,6.558856248437181513e-01,3.275891043561581784e-01,1.066988801044559176e+00,3.665958297004967004e-01,4.458215132596880514e-01,-4.207834838177304526e-01,3.491640489481742660e-01,3.000000000000000000e+00
1.739583442442180772e-01,1.330188825832384191e-03,-6.003623551835971517e-01,-1.076205619975649341e+00,5.443935099051212534e-01,-1.167621498647327893e+00,-3.269025970432973827e-01,-6.317402951781793119e-01,3.783387853207449414e-01,3.000000000000000000e+00
-3.671262548918013402e-01,1.183595849011331413e+00,1.028118540865047281e+00,1.060745786630824111e-02,1.328291600312342613e+00,4.342818883040771571e-01,3.354337788007016319e-01,-3.364027642805495488e-01,2.032704321783358747e-01,3.000000000000000000e+00
4.003653936693776227e-01,-4.185441822313869520e-01,-2.135790103766198378e+00,-1.053567700971904442e+00,-5.909146367301207903e-01,-1.190183518181854749e+00,-9.892489419773766723e-01,-3.785881115316434564e-01,7.868349318041970575e-01,3.000000000000000000e+00
-3.803901176325982236e-01,1.227795797772923692e+00,1.121171688331090044e+00,-1.026024493273849370e-01,1.319282936095544922e+00,2.537857320278624762e-01,3.722296902870304569e-01,-3.785881115316434564e-01,2.324551360043990433e-01,3.000000000000000000e+00
-3.906468298130770234e-01,1.117300954304524474e+00,1.028118540865047281e+00,-1.026024493273849370e-01,1.319282936095544922e+00,4.117198687695503012e-01,3.170308385124970818e-01,-3.364027642805495488e-01,2.616298723769697743e-01,3.000000000000000000e+00
-4.068368424256985638e-01,1.161500903066116752e+00,1.074645114598068663e+00,-1.204061722492130726e-02,1.310263964482617949e+00,4.568439078386040131e-01,3.354337788007016319e-01,-3.785881115316434564e-01,2.324551360043990433e-01,3.000000000000000000e+00
1.451663204539363372e+00,-1.468230109874435252e+00,-1.530924319079762119e+00,-1.506407329746677348e+00,-1.203617184829795628e+00,-1.686557931135929334e+00,-1.504401671876060220e+00,8.871327065610634666e-01,-1.051382776191098545e+00,3.000000000000000000e+00
1.169365680053746637e+00,-1.733409688701663010e+00,-1.298291450414654769e+00,6.219328318422635560e-01,-1.428875019834259019e+00,5.696540055112381262e-01,9.057753913838384463e-01,1.688754554681779041e+00,-5.261777167638711505e-01,3.000000000000000000e+00
-2.656830176398593535e-01,1.249890743718138353e+00,1.353814720074776101e+00,-5.732661131989554709e-02,1.346308928745938438e+00,2.312237124933356480e-01,7.785242930631959546e-02,-4.207834838177304526e-01,4.075234891468081377e-01,3.000000000000000000e+00
-3.597855674970855122e-01,1.150448401657928166e+00,1.121171688331090044e+00,2.596651912574392540e-01,1.256201671785701635e+00,4.342818883040771571e-01,4.274185729714835569e-01,-2.520220447433686450e-01,2.032704321783358747e-01,3.000000000000000000e+00
-4.612288047490274434e-01,1.227795797772923692e+00,9.350552303204254789e-01,4.181610925461067274e-01,9.048019229538103447e-01,3.440338101659698444e-01,4.826174247460169320e-01,-2.520220447433686450e-01,1.449209594331944961e-01,3.000000000000000000e+00
4.238859685906533614e-01,-6.395338691681854426e-01,-1.996210382567133790e+00,-1.030929781968159986e+00,-5.458610082500023886e-01,-1.167621498647327893e+00,-1.449202820101527012e+00,-5.473495506060052085e-01,7.868349318041970575e-01,3.000000000000000000e+00
4.474166685979906743e-01,-6.063864218147819729e-01,-1.810093924556469336e+00,-1.098853695066879022e+00,-4.467450870729677836e-01,-1.438365733061649721e+00,-1.412406908615198242e+00,-5.473495506060052085e-01,1.224505814660219460e+00,3.000000000000000000e+00
-2.450784675043466421e-01,1.249890743718138353e+00,1.214224835797133029e+00,3.324537687005293257e-02,1.427397214093248268e+00,3.214717906314430440e-01,1.146483407926484205e-01,-2.942073919944624971e-01,3.491640489481742660e-01,3.000000000000000000e+00
-4.376981047416901305e-01,1.194648350419520444e+00,1.167698262064111647e+00,1.464552840637461384e-01,1.283237971832224433e+00,3.891578492350235563e-01,3.906226614851547319e-01,-3.364027642805495488e-01,1.740956958057651716e-01,3.000000000000000000e+00
-4.465474299595957874e-01,1.316185638424945292e+00,7.024223616553182392e-01,4.407990115498514050e-01,1.121051093741475491e+00,3.440338101659698444e-01,7.401987742403989268e-01,-4.207834838177304526e-01,4.950576657180126849e-01,3.000000000000000000e+00
-3.333388427039851720e-01,1.117300954304524474e+00,7.024223616553182392e-01,-3.467853622866599872e-02,1.715736313407554503e+00,5.470919859767113813e-01,-1.797189510979821658e-01,-3.785881115316434564e-01,1.157362556071313137e-01,3.000000000000000000e+00
-1.980271925757335905e-01,1.172543347603142605e+00,1.307277983263176013e+00,1.060745786630824111e-02,1.364326257179534263e+00,1.184136148207015071e-01,5.945945810819532745e-02,-2.942073919944624971e-01,2.908046087495403942e-01,3.000000000000000000e+00
-3.994961550309827358e-01,1.194648350419520444e+00,9.815818040534468603e-01,1.060745786630824111e-02,1.292246636049022124e+00,4.342818883040771571e-01,5.010203650342214265e-01,-3.785881115316434564e-01,2.032704321783358747e-01,3.000000000000000000e+00
-2.818730302524808939e-01,1.128353455712713505e+00,7.489489353883396205e-01,-5.732661131989554709e-02,1.643646384880913303e+00,4.794059273731308690e-01,-1.429230396116533131e-01,-4.207834838177304526e-01,-3.014739370921459133e-02,3.000000000000000000e+00
-1.142724806735413573e-01,1.117300954304524474e+00,7.954755091213611129e-01,3.324537687005293257e-02,1.292246636049022124e+00,3.665958297004967004e-01,-1.797189510979821658e-01,-3.364027642805495488e-01,-1.176815702804191316e-01,3.000000000000000000e+00
-2.597598422937783536e-01,1.205700851827709252e+00,1.028118540865047281e+00,7.853137096502717240e-02,1.292246636049022124e+00,3.214717906314430440e-01,4.105651781999077043e-02,-3.785881115316434564e-01,3.491640489481742660e-01,3.000000000000000000e+00
-4.376981047416901305e-01,1.382480533131752232e+00,8.420020828543826052e-01,4.181610925461067274e-01,1.193130714871987408e+00,3.891578492350235563e-01,7.401987742403989268e-01,-3.364027642805495488e-01,4.950576657180126849e-01,3.000000000000000000e+00
1.577683316315965367e-01,-2.970068942259618816e-01,-1.810093924556469336e+00,-6.686519852958509036e-01,-3.227438132736225318e-02,-1.212745537716381605e+00,-5.476880350513505524e-01,-1.254459529201006618e-01,7.576601954316263265e-01,3.000000000000000000e+00
1.739583442442180772e-01,-3.301543415793653513e-01,-1.996210382567133790e+00,-6.686519852958509036e-01,-5.930037397775586583e-02,-1.167621498647327893e+00,-8.052594154556522721e-01,-8.326060566900678195e-02,6.409413150343585830e-01,3.000000000000000000e+00
-1.921951430042076192e-01,1.161500903066116752e+00,8.885286565874039866e-01,1.238173650600014192e-01,1.310263964482617949e+00,3.665958297004967004e-01,-1.413236486446230698e-02,-4.207834838177304526e-01,-9.726573366439120009e-04,3.000000000000000000e+00
2.445301940941068120e-01,-6.496470588097455479e-02,-7.399522394612401133e-01,-1.008281706876930306e+00,1.569487968099092523e-01,-1.257869576785435095e+00,-7.684635039693235026e-01,-8.426870815036350271e-01,6.409413150343585830e-01,3.000000000000000000e+00
5.179885184478795201e-01,-5.511339716450008863e-01,-1.810093924556469336e+00,-1.212063602260571971e+00,-4.467450870729677836e-01,-1.415803713527123087e+00,-1.522794643074184773e+00,-6.739256424292732195e-01,1.341214727603994961e+00,3.000000000000000000e+00
-1.774125173541591938e-01,1.139395900249739357e+00,8.420020828543826052e-01,7.853137096502717240e-02,1.301255300265820036e+00,5.019679469076576694e-01,-1.061271281253244880e-01,-4.207834838177304526e-01,-5.933209753527777380e-02,3.000000000000000000e+00
-3.435955548844639718e-01,1.238848299181112722e+00,9.815818040534468603e-01,4.860850056448256518e-01,1.066988801044559176e+00,5.696540055112381262e-01,5.562092477186746375e-01,-2.520220447433686450e-01,1.740956958057651716e-01,3.000000000000000000e+00
2.048196065602095606e-01,-4.286975993575992822e-02,-6.003623551835971517e-01,-9.856437878731856284e-01,1.479298251969823341e-01,-1.235307557250908239e+00,-7.868664442575280527e-01,-7.161210147153602712e-01,3.783387853207449414e-01,3.000000000000000000e+00
1.415884441050366815e-01,-3.191018401711765429e-01,-1.949683808834112408e+00,-6.913000603870803618e-01,-5.930037397775586583e-02,-1.145059479112801037e+00,-6.212798580240082025e-01,-4.106523338291975800e-02,7.868349318041970575e-01,3.000000000000000000e+00
4.238859685906533614e-01,-6.284813677599965231e-01,-2.042736956300155615e+00,-1.030929781968159986e+00,-5.008073797698840979e-01,-1.167621498647327893e+00,-1.173228499409020742e+00,-4.207834838177304526e-01,6.117665786617879631e-01,3.000000000000000000e+00
1.107170567029834574e-01,1.891623715380643389e-01,-1.298291450414654769e+00,-7.592239734857992861e-01,-3.227438132736225318e-02,-1.212745537716381605e+00,-5.292850947631460024e-01,-5.473495506060052085e-01,9.619032849466061519e-01,3.000000000000000000e+00
2.210096191728311010e-01,-2.638594468725584674e-01,-1.344818024147676372e+00,-5.554420781021576214e-01,1.659574610267071093e-01,-1.167621498647327893e+00,-4.924891832768172328e-01,-2.520220447433686450e-01,8.451943720028308737e-01,3.000000000000000000e+00
-1.407192054666417114e-01,7.195315860636829486e-01,4.493266424260451523e-03,5.540089187435445206e-01,5.173572098585984547e-01,-8.066291860948985315e-01,1.402535150084397886e+00,5.074144561262527997e-01,5.242324020905833049e-01,3.000000000000000000e+00
1.415884441050366815e-01,-7.601720728916340486e-02,-6.003623551835971517e-01,-9.629957127819561702e-01,5.083485456418006532e-01,-1.393241693992596231e+00,-3.453055373315019883e-01,-7.161210147153602712e-01,2.324551360043990433e-01,3.000000000000000000e+00
2.827422688908757809e-01,-4.286975993575992822e-02,-8.795319606603044793e-01,-1.008281706876930306e+00,1.479298251969823341e-01,-1.257869576785435095e+00,-7.868664442575280527e-01,-8.426870815036350271e-01,7.284754916055631302e-01,3.000000000000000000e+00
1.974789191654937603e-01,-2.307119995191549700e-01,-1.251754713603054681e+00,-4.422321709084645058e-01,1.659574610267071093e-01,-1.077373420509220692e+00,-6.028868868258838720e-01,-2.520220447433686450e-01,9.035438447479722246e-01,3.000000000000000000e+00
-1.407192054666417114e-01,7.084790846554940291e-01,-4.203330730876100180e-02,3.502371794473878031e-01,5.534021741219190549e-01,-1.099935440043747326e+00,1.292147415625411355e+00,1.130138903167268987e-03,6.117665786617879631e-01,3.000000000000000000e+00
5.179885184478795201e-01,-5.732389744613785032e-01,-1.949683808834112408e+00,-1.076205619975649341e+00,-4.377364228561698711e-01,-1.415803713527123087e+00,-1.357208056840665034e+00,-7.583063619664541788e-01,1.282865254858853499e+00,3.000000000000000000e+00
-3.906468298130770234e-01,1.073101005542932418e+00,7.024223616553182392e-01,7.853137096502717240e-02,1.706717341794627529e+00,4.794059273731308690e-01,-1.429230396116533131e-01,-5.051642033549114119e-01,2.032704321783358747e-01,3.000000000000000000e+00
-3.127342925684724606e-01,1.183595849011331413e+00,1.121171688331090044e+00,4.181610925461067274e-01,1.202139379088785320e+00,5.470919859767113813e-01,4.642244535478926015e-01,-1.676413252061877135e-01,4.366982255193788132e-01,3.000000000000000000e+00
1.886397190336497054e-01,-5.392226134394876441e-02,-6.003623551835971517e-01,-9.177198747744668150e-01,2.019921178938986206e-01,-1.167621498647327893e+00,-6.028868868258838720e-01,-7.161210147153602712e-01,2.908046087495403942e-01,3.000000000000000000e+00
-1.451438680755945676e-01,1.095206008359309813e+00,7.954755091213611129e-01,-5.732661131989554709e-02,1.310263964482617949e+00,3.891578492350235563e-01,-2.349178028725155132e-01,-3.364027642805495488e-01,-5.933209753527777380e-02,3.000000000000000000e+00
-1.951111677899705910e-01,7.195315860636829486e-01,-4.203330730876100180e-02,3.728750984511324251e-01,5.714195025555148799e-01,-1.032249381440166758e+00,1.310540386823535908e+00,3.386530170518909366e-01,6.117665786617879631e-01,3.000000000000000000e+00
3.280451945837885991e-02,1.781098701298755027e-01,-1.158701566137011918e+00,-9.629957127819561702e-01,1.277924715275615720e-02,-1.145059479112801037e+00,-5.844839465376794330e-01,-8.326060566900678195e-02,1.166146374461585866e+00,3.000000000000000000e+00
4.748589424781052976e-02,1.228674768312574411e-01,-1.437871171613719135e+00,-9.629957127819561702e-01,-4.128304554416013100e-02,-1.280431596319962173e+00,-7.132746212848702916e-01,-2.520220447433686450e-01,1.049437461517810366e+00,3.000000000000000000e+00
1.569296454403926733e+00,-1.424030161112842974e+00,-1.437871171613719135e+00,-1.506407329746677348e+00,-1.293714134393903370e+00,-1.641433892066875622e+00,-1.541197583362389212e+00,9.715134260982444259e-01,-9.638485996198938865e-01,3.000000000000000000e+00
-3.994961550309827358e-01,1.382480533131752232e+00,8.885286565874039866e-01,4.634470866410809187e-01,1.256201671785701635e+00,4.117198687695503012e-01,9.057753913838384463e-01,-4.207834838177304526e-01,4.950576657180126849e-01,3.000000000000000000e+00
2.989221564174356360e-01,-5.392226134394876441e-02,-6.003623551835971517e-01,-9.629957127819561702e-01,1.749661252435050218e-01,-1.212745537716381605e+00,-7.132746212848702916e-01,-8.005017342525411195e-01,5.534071384631540358e-01,3.000000000000000000e+00
4.748589424781052976e-02,1.781098701298755027e-01,-1.112174992403990315e+00,-6.460140662921061150e-01,3.770582935958287189e-03,-1.235307557250908239e+00,-5.108921235650217829e-01,-2.942073919944624971e-01,1.049437461517810366e+00,3.000000000000000000e+00
2.048196065602095606e-01,-2.196594981109661060e-01,-1.205228139870033299e+00,-4.875181650034386971e-01,5.783287563287457106e-02,-1.167621498647327893e+00,-6.212798580240082025e-01,-3.785881115316434564e-01,9.619032849466061519e-01,3.000000000000000000e+00
-3.994961550309827358e-01,1.415627980485155923e+00,1.353814720074776101e+00,1.690932030674908160e-01,1.202139379088785320e+00,5.245299664421845254e-01,6.665969821776610571e-01,-4.629688310688243602e-01,7.868349318041970575e-01,3.000000000000000000e+00
1.269070693156049978e-01,-9.722312582356455041e-03,-5.538357814505756593e-01,-1.076205619975649341e+00,4.542862529448843389e-01,-1.348117654923542519e+00,-3.269025970432973827e-01,-8.005017342525411195e-01,2.908046087495403942e-01,3.000000000000000000e+00
2.592115688835384679e-01,-2.307119995191549700e-01,-1.623987629624383588e+00,-5.554420781021576214e-01,1.118951683297908645e-01,-1.054811400974693836e+00,-3.821014488178308133e-01,2.120769252286229811e-01,9.619032849466061519e-01,3.000000000000000000e+00
1.269070693156049978e-01,1.007725308860428076e-01,-9.725952712049261706e-01,-1.098853695066879022e+00,8.485886828326819065e-02,-1.190183518181854749e+00,-1.797189510979821658e-01,-7.583063619664541788e-01,1.282865254858853499e+00,3.000000000000000000e+00
-3.833061424183612509e-01,1.393533034539941040e+00,1.074645114598068663e+00,3.955130174548771027e-01,1.301255300265820036e+00,3.440338101659698444e-01,8.505865086993854574e-01,-3.785881115316434564e-01,6.117665786617879631e-01,3.000000000000000000e+00
4.014520685309470177e-02,1.006806110836125479e+00,2.836628719009678390e-01,4.634470866410809187e-01,6.434991236860267971e-01,-4.681988930769960811e-01,1.531325824831589077e+00,-2.942073919944624971e-01,2.908046087495403942e-01,3.000000000000000000e+00
1.428142629618087467e+00,-1.368787767814224843e+00,-1.391344597880697753e+00,-1.551693323841651484e+00,-1.275696805960307767e+00,-1.596309852997821910e+00,-1.412406908615198242e+00,9.293180538121573742e-01,-9.346738632473232666e-01,3.000000000000000000e+00
-3.524448801023696842e-01,1.404585535948130071e+00,1.307277983263176013e+00,2.823031102611839871e-01,1.229175679135307897e+00,5.019679469076576694e-01,8.321835684111807963e-01,-3.364027642805495488e-01,8.451943720028308737e-01,3.000000000000000000e+00
4.346193191974653553e-04,7.637214779541121601e-01,9.755657696888200836e-02,4.860850056448256518e-01,6.344904594692289956e-01,-9.420013033020595561e-01,1.512922884543384416e+00,1.130138903167268987e-03,6.993007552329925103e-01,3.000000000000000000e+00
-8.481860532012296117e-02,7.195315860636829486e-01,-8.855988104178245945e-02,4.407990115498514050e-01,5.443935099051212534e-01,-9.645633228365863010e-01,1.347336298309864677e+00,8.551085844034819750e-02,6.117665786617879631e-01,3.000000000000000000e+00
1.033864943943293008e-01,1.670674255928497332e-01,-9.260585343933260827e-01,-9.856437878731856284e-01,6.684153984967243500e-02,-1.054811400974693836e+00,-1.981218913861866882e-01,-3.785881115316434564e-01,1.107796901716444404e+00,3.000000000000000000e+00
-2.818730302524808939e-01,1.260943245126327383e+00,5.628324773776751666e-01,5.313709997397999540e-01,9.048019229538103447e-01,2.537857320278624762e-01,1.236948563850878147e+00,-2.520220447433686450e-01,7.576601954316263265e-01,3.000000000000000000e+00
-3.042664299679406076e-02,7.416265320088974988e-01,-1.350864547748039102e-01,6.219328318422635560e-01,5.714195025555148799e-01,-7.840671665603716756e-01,1.457734001858931316e+00,3.386530170518909366e-01,6.117665786617879631e-01,3.000000000000000000e+00
-3.776733039150988874e-02,7.858264807704898880e-01,-1.816130285078253470e-01,5.992949128385187674e-01,5.804281667723126814e-01,-8.291912056294253874e-01,1.623310619002370725e+00,3.386530170518909366e-01,6.117665786617879631e-01,3.000000000000000000e+00
-2.308595560207822930e-02,7.195315860636829486e-01,4.493266424260451523e-03,5.540089187435445206e-01,5.714195025555148799e-01,-8.743152446984790993e-01,1.420928121282522216e+00,8.551085844034819750e-02,6.117665786617879631e-01,3.000000000000000000e+00
1.415884441050366815e-01,2.223098188914678364e-01,-9.725952712049261706e-01,-9.856437878731856284e-01,6.684153984967243500e-02,-1.009687361905639902e+00,-2.901066855569685576e-01,-2.520220447433686450e-01,1.224505814660219460e+00,3.000000000000000000e+00
5.885704933838298292e-01,-5.621864730531895837e-01,-1.810093924556469336e+00,-8.497858055882629991e-01,-3.926827943760514139e-01,-1.280431596319962173e+00,-1.430809848903402681e+00,-8.005017342525411195e-01,1.282865254858853499e+00,4.000000000000000000e+00
-1.877704803952547907e-01,1.194648350419520444e+00,5.163059036446536743e-01,6.219328318422635560e-01,8.327223018232984275e-01,1.860996734242820194e-01,1.034566066131029638e+00,-3.364027642805495488e-01,8.160096681767676774e-01,4.000000000000000000e+00
5.633521946571623529e-02,8.410688740691080190e-01,9.755657696888200836e-02,8.030768082221604320e-01,4.903312172082048837e-01,-5.358849516805764823e-01,1.623310619002370725e+00,1.309036304246967930e+00,6.117665786617879631e-01,4.000000000000000000e+00
-1.245291928540201709e-01,7.195315860636829486e-01,-4.203330730876100180e-02,4.634470866410809187e-01,5.624108383387168564e-01,-9.420013033020595561e-01,1.476126973057055647e+00,2.964576447658039404e-01,6.117665786617879631e-01,4.000000000000000000e+00
-4.068368424256985638e-01,1.205700851827709252e+00,3.767261824455893637e-01,3.502371794473878031e-01,8.867845945202147417e-01,2.312237124933356480e-01,1.052969006419234077e+00,-8.326060566900678195e-02,1.107796901716444404e+00,4.000000000000000000e+00
6.366578177437037800e-02,9.515637175375071255e-01,1.906097244349249376e-01,1.074772460617036129e+00,5.804281667723126814e-01,-5.358849516805764823e-01,1.457734001858931316e+00,4.331548615426116661e-02,6.117665786617879631e-01,4.000000000000000000e+00
1.342477567103208258e-01,8.972002947785397142e-02,-9.725952712049261706e-01,-1.030929781968159986e+00,5.783287563287457106e-02,-1.190183518181854749e+00,-3.269025970432973827e-01,-7.583063619664541788e-01,1.195331078287648952e+00,4.000000000000000000e+00
7.985579438699191845e-02,4.552008071626164470e-02,-1.251754713603054681e+00,-2.610983506160523548e-01,7.585020406647031976e-02,-1.190183518181854749e+00,-1.981218913861866882e-01,1.130138903167268987e-03,1.195331078287648952e+00,4.000000000000000000e+00
-2.818730302524808939e-01,1.227795797772923692e+00,3.767261824455893637e-01,5.766569938347742008e-01,9.228192513874061698e-01,2.312237124933356480e-01,1.034566066131029638e+00,-1.676413252061877135e-01,9.327285485740354209e-01,4.000000000000000000e+00
2.827422688908757809e-01,-1.644171048123480028e-01,-1.158701566137011918e+00,-2.837464257072819240e-01,1.118951683297908645e-01,-1.099935440043747326e+00,-5.292850947631460024e-01,-2.098266724572815933e-01,1.195331078287648952e+00,4.000000000000000000e+00
-1.789211551773490505e-01,1.260943245126327383e+00,6.093590511106966590e-01,6.219328318422635560e-01,9.498555514339288575e-01,2.763477515623893321e-01,1.273744475337206916e+00,1.130138903167268987e-03,1.136971638089014913e+00,4.000000000000000000e+00
-2.186317427112463019e-01,1.205700851827709252e+00,5.163059036446536743e-01,5.992949128385187674e-01,9.498555514339288575e-01,2.763477515623893321e-01,1.181749712076344938e+00,-1.254459529201006618e-01,9.910780213191767718e-01,4.000000000000000000e+00
-1.424675547023419864e-02,5.537842924255025334e-01,-1.816130285078253470e-01,-3.467853622866599872e-02,6.164731310356331706e-01,-9.420013033020595561e-01,8.321835684111807963e-01,-1.254459529201006618e-01,6.409413150343585830e-01,4.000000000000000000e+00
3.386327439513329152e-01,-1.202171560507556969e-01,-1.298291450414654769e+00,-5.732661131989554709e-02,1.118951683297908645e-01,-1.145059479112801037e+00,-5.292850947631460024e-01,-3.364027642805495488e-01,1.049437461517810366e+00,4.000000000000000000e+00
-4.141775298204143918e-01,1.238848299181112722e+00,4.232527561786108561e-01,3.955130174548771027e-01,8.867845945202147417e-01,2.537857320278624762e-01,1.034566066131029638e+00,-1.676413252061877135e-01,9.619032849466061519e-01,4.000000000000000000e+00
-2.348217553238678423e-01,1.327238139833134323e+00,4.697793299116323484e-01,4.634470866410809187e-01,8.687569586904898555e-01,2.537857320278624762e-01,1.292147415625411355e+00,-1.676413252061877135e-01,8.743691083754016047e-01,4.000000000000000000e+00
1.651090190263123647e-01,6.762508353263933791e-02,-1.251754713603054681e+00,-1.931744375173334305e-01,3.981554719927882929e-02,-1.190183518181854749e+00,-1.981218913861866882e-01,1.698915779775291290e-01,1.195331078287648952e+00,4.000000000000000000e+00
-2.892137176471967774e-01,1.294090692479730631e+00,1.307277983263176013e+00,1.011692899687718639e-01,7.696513449095842008e-01,2.537857320278624762e-01,6.849999224658656072e-01,-2.942073919944624971e-01,9.327285485740354209e-01,4.000000000000000000e+00
-3.906468298130770234e-01,1.283038191071542045e+00,6.093590511106966590e-01,4.860850056448256518e-01,9.498555514339288575e-01,2.537857320278624762e-01,1.052969006419234077e+00,-1.254459529201006618e-01,1.020262725145239857e+00,4.000000000000000000e+00
-4.661665560941559427e-02,6.974265832473052207e-01,-1.350864547748039102e-01,4.407990115498514050e-01,5.714195025555148799e-01,-9.645633228365863010e-01,1.439331061570726655e+00,3.808383643029848442e-01,6.701260188604217793e-01,4.000000000000000000e+00
3.224528564247730600e-01,1.330188825832384191e-03,-1.344818024147676372e+00,7.853137096502717240e-02,1.389211609801844771e-01,-1.122497459578274182e+00,-3.821014488178308133e-01,-2.520220447433686450e-01,1.166146374461585866e+00,4.000000000000000000e+00
-3.362649925758098290e-01,1.249890743718138353e+00,5.628324773776751666e-01,5.087229246485703849e-01,9.498555514339288575e-01,2.989097710969161881e-01,1.200152652364549377e+00,1.276962056914420773e-01,1.107796901716444404e+00,4.000000000000000000e+00
-2.259724301059621299e-01,1.305143193887919661e+00,5.163059036446536743e-01,6.219328318422635560e-01,9.498555514339288575e-01,2.537857320278624762e-01,1.218555592652753816e+00,-1.676413252061877135e-01,9.910780213191767718e-01,4.000000000000000000e+00
-3.776733039150988874e-02,5.758892952418802613e-01,-1.816130285078253470e-01,7.853137096502717240e-02,6.074644668188353691e-01,-9.871253423711132680e-01,8.689794798975096768e-01,1.130138903167268987e-03,6.701260188604217793e-01,4.000000000000000000e+00
6.915122433729000706e-01,-5.621864730531895837e-01,-1.577461055891362207e+00,-4.422321709084645058e-01,-1.944612594181111265e-01,-1.257869576785435095e+00,-1.302019174156211712e+00,-5.051642033549114119e-01,1.253680551032790413e+00,4.000000000000000000e+00
-3.671262548918013402e-01,1.349333085778348984e+00,1.400341293807797483e+00,1.238173650600014192e-01,8.146946659935736523e-01,4.794059273731308690e-01,7.217958339521943767e-01,-2.942073919944624971e-01,1.020262725145239857e+00,4.000000000000000000e+00
5.633521946571623529e-02,8.963213242388891056e-01,2.836628719009678390e-01,8.483526462296498982e-01,5.443935099051212534e-01,-4.907609126115228815e-01,1.807300145524095347e+00,3.808383643029848442e-01,7.576601954316263265e-01,4.000000000000000000e+00
7.532448930909447782e-01,-7.610711571736105130e-01,-1.903157235101091027e+00,-8.724338806794925683e-01,-9.423143855620121911e-01,-1.596309852997821910e+00,-1.173228499409020742e+00,2.542722975147100328e-01,5.825918422892172321e-01,4.000000000000000000e+00
1.192886254975022098e+00,-1.247240422937636817e+00,-1.205228139870033299e+00,-1.325273509454265142e+00,-1.221634513263391675e+00,-1.573747833463295054e+00,-1.191631439697225403e+00,6.761758952006146073e-01,-7.012460699062802449e-01,4.000000000000000000e+00
-2.965544050419126054e-01,1.150448401657928166e+00,8.885286565874039866e-01,5.087229246485703849e-01,8.777759303034167182e-01,1.860996734242820194e-01,1.016173094932905308e+00,-1.254459529201006618e-01,9.619032849466061519e-01,4.000000000000000000e+00
3.768448187481019396e-01,1.560149241846608970e-01,-1.112174992403990315e+00,1.464552840637461384e-01,1.659574610267071093e-01,-1.122497459578274182e+00,2.266354662186650937e-02,-1.254459529201006618e-01,1.516283080746403833e+00,4.000000000000000000e+00
3.224528564247730600e-01,1.228674768312574411e-01,-1.112174992403990315e+00,7.853137096502717240e-02,1.299124967633865924e-01,-1.099935440043747326e+00,-1.245300684135290520e-01,1.130138903167268987e-03,1.457933608001262593e+00,4.000000000000000000e+00
-2.656830176398593535e-01,1.172543347603142605e+00,9.350552303204254789e-01,4.860850056448256518e-01,9.048019229538103447e-01,2.086616929588088476e-01,1.273744475337206916e+00,-2.520220447433686450e-01,9.619032849466061519e-01,4.000000000000000000e+00
-2.024518551846864467e-01,1.227795797772923692e+00,5.163059036446536743e-01,8.483526462296498982e-01,7.245977164294656880e-01,9.585159528617467894e-02,1.365739238598069116e+00,1.130138903167268987e-03,9.035438447479722246e-01,4.000000000000000000e+00
-7.013723053069129132e-02,1.106248452896335666e+00,7.954755091213611129e-01,8.030768082221604320e-01,8.687569586904898555e-01,-1.297686000590936584e-01,9.977701546447007575e-01,3.808383643029848442e-01,7.284754916055631302e-01,4.000000000000000000e+00
3.930247062746617948e-01,1.781098701298755027e-01,-1.019121844937947552e+00,-3.467853622866599872e-02,1.929834536771007636e-01,-1.099935440043747326e+00,-1.245300684135290520e-01,4.331548615426116661e-02,1.633001961143671688e+00,4.000000000000000000e+00
-2.656830176398593535e-01,1.249890743718138353e+00,1.260751409530154410e+00,5.588329587379761709e-02,8.327223018232984275e-01,2.989097710969161881e-01,7.217958339521943767e-01,-2.520220447433686450e-01,1.020262725145239857e+00,4.000000000000000000e+00
-2.259724301059621299e-01,1.338290641241323131e+00,5.628324773776751666e-01,5.313709997397999540e-01,8.957932587370125432e-01,2.086616929588088476e-01,1.292147415625411355e+00,-1.676413252061877135e-01,8.743691083754016047e-01,4.000000000000000000e+00
-2.024518551846864467e-01,1.327238139833134323e+00,5.163059036446536743e-01,7.125048200322120495e-01,9.048019229538103447e-01,2.537857320278624762e-01,1.273744475337206916e+00,-8.326060566900678195e-02,8.743691083754016047e-01,4.000000000000000000e+00
-3.776733039150988874e-02,1.150448401657928166e+00,8.420020828543826052e-01,7.351427390359566161e-01,8.597482944736919430e-01,-6.208254145551313219e-02,1.089764917905562847e+00,3.808383643029848442e-01,7.284754916055631302e-01,4.000000000000000000e+00
3.695041313533861116e-01,1.007725308860428076e-01,-1.251754713603054681e+00,1.690932030674908160e-01,1.569487968099092523e-01,-1.009687361905639902e+00,-1.429230396116533131e-01,4.331548615426116661e-02,1.341214727603994961e+00,4.000000000000000000e+00
8.164861806321793702e-01,-8.273660518804174524e-01,-1.810093924556469336e+00,-9.403577937782113816e-01,-1.005385342475726196e+00,-1.573747833463295054e+00,-1.228427351183554173e+00,4.652190838401657480e-01,5.825918422892172321e-01,4.000000000000000000e+00
-3.362649925758098290e-01,1.150448401657928166e+00,1.028118540865047281e+00,2.823031102611839871e-01,9.138105871706082572e-01,1.635376538897551635e-01,9.425713028701673268e-01,-1.676413252061877135e-01,9.910780213191767718e-01,4.000000000000000000e+00
1.107170567029834574e-01,9.515637175375071255e-01,3.301894456339892758e-01,1.006848547518317094e+00,5.804281667723126814e-01,-5.358849516805764823e-01,2.083274466216601617e+00,4.652190838401657480e-01,7.284754916055631302e-01,4.000000000000000000e+00
-7.747791792540713318e-02,1.183595849011331413e+00,7.489489353883396205e-01,9.842106285145725275e-01,8.146946659935736523e-01,-8.464456099003996037e-02,1.273744475337206916e+00,1.276962056914420773e-01,7.576601954316263265e-01,4.000000000000000000e+00
-1.642397803879173945e-01,1.128353455712713505e+00,6.558856248437181513e-01,7.804287331309308628e-01,8.687569586904898555e-01,-6.208254145551313219e-02,1.126560829391891616e+00,3.386530170518909366e-01,6.117665786617879631e-01,4.000000000000000000e+00
-1.010086179327444739e-01,1.183595849011331413e+00,5.628324773776751666e-01,7.577908141271861853e-01,7.786600091263820023e-01,1.635376538897551635e-01,1.328943327111740347e+00,-1.254459529201006618e-01,9.327285485740354209e-01,4.000000000000000000e+00
8.719648178170776032e-02,1.139395900249739357e+00,1.028118540865047281e+00,8.710007213208794674e-01,8.507396302568941415e-01,-8.464456099003996037e-02,1.181749712076344938e+00,4.652190838401657480e-01,7.868349318041970575e-01,4.000000000000000000e+00
1.342477567103208258e-01,1.194648350419520444e+00,8.885286565874039866e-01,9.389246344195982807e-01,8.597482944736919430e-01,-1.523306195936204588e-01,1.163356740878220608e+00,2.964576447658039404e-01,6.993007552329925103e-01,4.000000000000000000e+00
7.985579438699191845e-02,1.150448401657928166e+00,7.954755091213611129e-01,8.936386403246241450e-01,8.237136376065004040e-01,-1.974546586626741429e-01,1.126560829391891616e+00,1.698915779775291290e-01,6.409413150343585830e-01,4.000000000000000000e+00
4.748589424781052976e-02,1.161500903066116752e+00,7.954755091213611129e-01,9.615625534233430693e-01,8.237136376065004040e-01,-2.651407172662545997e-01,1.144953800590016169e+00,2.120769252286229811e-01,6.117665786617879631e-01,4.000000000000000000e+00
5.633521946571623529e-02,1.183595849011331413e+00,7.024223616553182392e-01,9.615625534233430693e-01,7.606323732966573381e-01,-3.102647563353082560e-01,1.144953800590016169e+00,1.698915779775291290e-01,5.825918422892172321e-01,4.000000000000000000e+00
9.738198929445783802e-01,-8.052711059352027911e-01,-1.810093924556469336e+00,-8.271478865845183215e-01,-9.873680140421305929e-01,-1.551185813928768420e+00,-1.246820322381678503e+00,5.496098284123397404e-01,6.409413150343585830e-01,4.000000000000000000e+00
-1.245291928540201709e-01,1.227795797772923692e+00,5.163059036446536743e-01,1.165344448806984623e+00,7.426150448630615131e-01,2.816553668259418747e-02,1.347336298309864677e+00,1.276962056914420773e-01,9.035438447479722246e-01,4.000000000000000000e+00
1.180577440976992853e-01,1.172543347603142605e+00,1.028118540865047281e+00,9.615625534233430693e-01,8.327223018232984275e-01,-8.464456099003996037e-02,1.163356740878220608e+00,4.652190838401657480e-01,7.576601954316263265e-01,4.000000000000000000e+00
8.238167429408335130e-01,-6.505763137052111844e-01,-1.903157235101091027e+00,-8.950717996832371348e-01,-7.711188432544653359e-01,-1.528623794394241564e+00,-9.340500902028433527e-01,1.698915779775291290e-01,5.242324020905833049e-01,4.000000000000000000e+00
-1.083493053274603157e-01,1.227795797772923692e+00,7.954755091213611129e-01,8.483526462296498982e-01,8.056860017767756288e-01,-8.464456099003996037e-02,1.200152652364549377e+00,2.542722975147100328e-01,7.576601954316263265e-01,4.000000000000000000e+00
1.739583442442180772e-01,1.294090692479730631e+00,5.163059036446536743e-01,1.233268361905703658e+00,7.426150448630615131e-01,-3.553887954043619124e-01,1.954483791469410425e+00,4.230337365890718404e-01,9.035438447479722246e-01,4.000000000000000000e+00
-9.366793053802867364e-02,1.194648350419520444e+00,6.093590511106966590e-01,7.351427390359566161e-01,7.606323732966573381e-01,2.086616929588088476e-01,1.420928121282522216e+00,-8.326060566900678195e-02,9.035438447479722246e-01,4.000000000000000000e+00
8.164861806321793702e-01,-5.511339716450008863e-01,-1.577461055891362207e+00,-6.913000603870803618e-01,-2.845582089822188965e-01,-1.348117654923542519e+00,-1.210024410895349734e+00,-2.942073919944624971e-01,1.457933608001262593e+00,4.000000000000000000e+00
9.267686180159653286e-01,-5.842814189984043560e-01,-1.344818024147676372e+00,-6.460140662921061150e-01,-3.025858448119436717e-01,-1.460927752596176576e+00,-1.026044853463705664e+00,-3.364027642805495488e-01,1.633001961143671688e+00,4.000000000000000000e+00
1.107170567029834574e-01,1.249890743718138353e+00,7.024223616553182392e-01,1.278554356000677794e+00,7.786600091263820023e-01,-4.456368735424692806e-01,1.880891968496752886e+00,4.652190838401657480e-01,8.451943720028308737e-01,4.000000000000000000e+00
9.179192927980596162e-01,-6.284813677599965231e-01,-1.019121844937947552e+00,-6.233659912008766568e-01,-3.836741301592536124e-01,-1.686557931135929334e+00,-1.099636676436363203e+00,-3.364027642805495488e-01,1.399574167802628777e+00,4.000000000000000000e+00
2.395519424047315785e-02,1.172543347603142605e+00,1.214224835797133029e+00,1.006848547518317094e+00,8.597482944736919430e-01,-6.208254145551313219e-02,1.181749712076344938e+00,5.917951756634336480e-01,8.451943720028308737e-01,4.000000000000000000e+00
1.269070693156049978e-01,1.316185638424945292e+00,6.558856248437181513e-01,1.323840350095652152e+00,7.065803879958700850e-01,-5.133229321460497374e-01,1.715305382263233147e+00,3.808383643029848442e-01,7.868349318041970575e-01,4.000000000000000000e+00
9.032480430946896455e-01,-5.953339204065930534e-01,-1.437871171613719135e+00,-5.780901531933871906e-01,-3.206031732455394412e-01,-1.370679674458069153e+00,-8.420553269419811526e-01,2.542722975147100328e-01,8.743691083754016047e-01,4.000000000000000000e+00
1.051732430189182832e+00,-8.494710546967950693e-01,-1.856620498289490939e+00,-8.045099675807735329e-01,-9.423143855620121911e-01,-1.415803713527123087e+00,-1.136432587922691972e+00,5.496098284123397404e-01,1.020262725145239857e+00,4.000000000000000000e+00
1.004681155260569891e+00,-4.627441309929792301e-01,-9.260585343933260827e-01,-3.063843447110266571e-01,-3.296118374623372982e-01,-1.573747833463295054e+00,-9.892489419773766723e-01,-1.676413252061877135e-01,1.545467784572467140e+00,4.000000000000000000e+00
1.012021842655285830e+00,-5.621864730531895837e-01,-1.205228139870033299e+00,-5.328041590984130549e-01,-3.025858448119436717e-01,-1.415803713527123087e+00,-8.052594154556522721e-01,-3.364027642805495488e-01,1.399574167802628777e+00,4.000000000000000000e+00
9.885012677340101472e-01,-6.063864218147819729e-01,-1.251754713603054681e+00,-4.875181650034386971e-01,-3.115945090287415842e-01,-1.257869576785435095e+00,-8.604582672301857027e-01,-1.254459529201006618e-01,9.619032849466061519e-01,4.000000000000000000e+00
9.576298803319568398e-01,-5.400915271079750335e-01,-1.158701566137011918e+00,-4.875181650034386971e-01,-3.656568017256578429e-01,-1.506051791665230288e+00,-1.081233736148158542e+00,-2.942073919944624971e-01,1.516283080746403833e+00,4.000000000000000000e+00
1.012021842655285830e+00,-6.063864218147819729e-01,-1.205228139870033299e+00,-6.233659912008766568e-01,-2.665408805486231270e-01,-1.528623794394241564e+00,-8.052594154556522721e-01,-3.364027642805495488e-01,1.574642520945037871e+00,4.000000000000000000e+00
1.044391742794467115e+00,-8.715660006420097305e-01,-1.903157235101091027e+00,-5.101560840071833747e-01,-9.062694212986915909e-01,-1.257869576785435095e+00,-9.892489419773766723e-01,5.917951756634336480e-01,1.020262725145239857e+00,4.000000000000000000e+00
1.739583442442180772e-01,1.294090692479730631e+00,6.093590511106966590e-01,1.323840350095652152e+00,7.065803879958700850e-01,-3.553887954043619124e-01,1.678509470776904378e+00,4.230337365890718404e-01,7.576601954316263265e-01,4.000000000000000000e+00
9.032480430946896455e-01,-6.174288663518078257e-01,-1.205228139870033299e+00,-6.460140662921061150e-01,-3.386205016791351552e-01,-1.460927752596176576e+00,-1.026044853463705664e+00,-4.629688310688243602e-01,1.516283080746403833e+00,4.000000000000000000e+00
1.035552542662623088e+00,-5.732389744613785032e-01,-1.205228139870033299e+00,-5.780901531933871906e-01,-3.836741301592536124e-01,-1.483489772130703654e+00,-1.118039616724567642e+00,-3.364027642805495488e-01,1.399574167802628777e+00,4.000000000000000000e+00
9.576298803319568398e-01,-6.063864218147819729e-01,-1.112174992403990315e+00,-6.233659912008766568e-01,-2.575322163318252700e-01,-1.641433892066875622e+00,-8.420553269419811526e-01,-3.785881115316434564e-01,1.545467784572467140e+00,4.000000000000000000e+00
1.082603817591236250e+00,-8.494710546967950693e-01,-1.763567350823447955e+00,-5.328041590984130549e-01,-9.513230497788099926e-01,-1.325555635389015663e+00,-9.892489419773766723e-01,5.496098284123397404e-01,1.107796901716444404e+00,4.000000000000000000e+00
1.326699392366145647e+00,-8.384185532886063719e-01,-1.484397745346740516e+00,-4.195942519047197727e-01,-1.104501263652760912e+00,-1.077373420509220692e+00,-8.972541787165145832e-01,8.871327065610634666e-01,1.282865254858853499e+00,4.000000000000000000e+00
1.569296454403926733e+00,-8.605134992338209221e-01,-1.251754713603054681e+00,-4.422321709084645058e-01,-1.059447635172642732e+00,-1.190183518181854749e+00,-1.412406908615198242e+00,1.140274865172606455e+00,1.253680551032790413e+00,4.000000000000000000e+00
-1.424675547023419864e-02,1.205700851827709252e+00,5.628324773776751666e-01,1.052134541613291452e+00,8.327223018232984275e-01,-1.695850238645947236e-02,1.347336298309864677e+00,2.542722975147100328e-01,7.868349318041970575e-01,4.000000000000000000e+00
1.035552542662623088e+00,-5.953339204065930534e-01,-9.725952712049261706e-01,-5.328041590984130549e-01,-3.476291658959330677e-01,-1.641433892066875622e+00,-9.340500902028433527e-01,-2.520220447433686450e-01,1.633001961143671688e+00,4.000000000000000000e+00
1.028211855267907371e+00,-5.953339204065930534e-01,-1.298291450414654769e+00,-3.969461768134902591e-01,-3.476291658959330677e-01,-1.348117654923542519e+00,-7.868664442575280527e-01,4.331548615426116661e-02,1.078612197890381319e+00,4.000000000000000000e+00
2.016278503682719769e+00,-1.092555687578808277e+00,-8.795319606603044793e-01,-8.724338806794925683e-01,-1.428875019834259019e+00,-1.145059479112801037e+00,-1.430809848903402681e+00,1.351231676533054982e+00,1.157362556071313137e-01,4.000000000000000000e+00
1.475193904546700630e+00,-1.401935215167628312e+00,-9.260585343933260827e-01,-1.234701521264316648e+00,-1.203617184829795628e+00,-1.709119950670455967e+00,-1.485998731587855781e+00,1.266850956995874133e+00,-5.553524531364418815e-01,4.000000000000000000e+00
1.012021842655285830e+00,-4.958915783463826998e-01,-8.795319606603044793e-01,-4.195942519047197727e-01,-3.386205016791351552e-01,-1.641433892066875622e+00,-1.062840764950034433e+00,-2.520220447433686450e-01,1.574642520945037871e+00,4.000000000000000000e+00
9.267686180159653286e-01,-5.953339204065930534e-01,-1.344818024147676372e+00,-4.875181650034386971e-01,-3.025858448119436717e-01,-1.325555635389015663e+00,-8.052594154556522721e-01,2.964576447658039404e-01,7.868349318041970575e-01,4.000000000000000000e+00
1.067922442801804594e+00,-8.936609465872243918e-01,-1.810093924556469336e+00,-3.290222637147712792e-01,-9.242970571284163661e-01,-1.235307557250908239e+00,-9.524530304910477918e-01,6.339905479495206997e-01,1.078612197890381319e+00,4.000000000000000000e+00
1.169365680053746637e+00,-9.599558412940312202e-01,-1.856620498289490939e+00,-4.195942519047197727e-01,-9.783593498253326803e-01,-1.212745537716381605e+00,-1.007641913175501003e+00,4.652190838401657480e-01,1.312039991231424008e+00,4.000000000000000000e+00
9.649705677266726678e-01,-5.511339716450008863e-01,-1.158701566137011918e+00,-3.516703388060008484e-01,-3.025858448119436717e-01,-1.280431596319962173e+00,-8.788612075183901418e-01,-2.520220447433686450e-01,1.195331078287648952e+00,4.000000000000000000e+00
9.414499928053969846e-01,-5.842814189984043560e-01,-8.795319606603044793e-01,-5.101560840071833747e-01,-3.746654659424556999e-01,-1.686557931135929334e+00,-9.524530304910477918e-01,-3.364027642805495488e-01,1.633001961143671688e+00,4.000000000000000000e+00
2.228004178318448325e+00,-1.081503186170619246e+00,-8.795319606603044793e-01,-8.950717996832371348e-01,-1.239651841696987278e+00,-1.077373420509220692e+00,-1.467605760389731451e+00,1.309036304246967930e+00,7.868349318041970575e-01,4.000000000000000000e+00
1.020871167873191654e+00,-5.953339204065930534e-01,-1.344818024147676372e+00,-2.837464257072819240e-01,-2.755495447654210395e-01,-1.325555635389015663e+00,-8.420553269419811526e-01,2.542722975147100328e-01,9.035438447479722246e-01,4.000000000000000000e+00
1.279648117437532484e+00,-8.494710546967950693e-01,-1.670514203357404970e+00,-3.969461768134902591e-01,-1.122518592086356959e+00,-1.212745537716381605e+00,-8.972541787165145832e-01,7.183712674867016590e-01,1.282865254858853499e+00,4.000000000000000000e+00
1.992747803675382734e+00,-1.059408240225404807e+00,-3.677294865184898565e-01,-4.875181650034386971e-01,-1.789283432882947888e+00,-9.420013033020595561e-01,-1.228427351183554173e+00,1.435612396070236274e+00,6.409413150343585830e-01,4.000000000000000000e+00
2.004513153679051474e+00,-1.070450684762430660e+00,-2.746661759738682762e-01,-5.554420781021576214e-01,-1.627096554792199168e+00,-1.054811400974693836e+00,-1.320412145354336042e+00,1.477797743321330071e+00,3.199893125756035905e-01,4.000000000000000000e+00
1.035552542662623088e+00,-5.842814189984043560e-01,-1.344818024147676372e+00,-3.743082578097455815e-01,-3.386205016791351552e-01,-1.393241693992596231e+00,-7.868664442575280527e-01,1.276962056914420773e-01,1.049437461517810366e+00,4.000000000000000000e+00
1.270798792219626883e+00,-8.826185020501985390e-01,-1.717040777090426573e+00,-1.026024493273849370e-01,-1.059447635172642732e+00,-1.212745537716381605e+00,-9.708460016891721223e-01,6.761758952006146073e-01,1.341214727603994961e+00,4.000000000000000000e+00
1.576637141798642450e+00,-8.052711059352027911e-01,-1.158701566137011918e+00,-5.328041590984130549e-01,-1.077475271002367396e+00,-1.077373420509220692e+00,-1.081233736148158542e+00,1.309036304246967930e+00,1.341214727603994961e+00,4.000000000000000000e+00
1.404611929610750209e+00,-8.605134992338209221e-01,-1.484397745346740516e+00,-3.743082578097455815e-01,-1.077475271002367396e+00,-1.099935440043747326e+00,-9.156571190047190223e-01,8.449373342749764149e-01,1.341214727603994961e+00,4.000000000000000000e+00
1.969227228754106829e+00,-1.004155790055623720e+00,-8.795319606603044793e-01,-4.875181650034386971e-01,-1.834337061363066512e+00,-1.009687361905639902e+00,-1.283616233868007273e+00,1.309036304246967930e+00,7.284754916055631302e-01,4.000000000000000000e+00
2.063329778611333154e+00,-1.059408240225404807e+00,-3.677294865184898565e-01,-6.913000603870803618e-01,-1.564025597878484941e+00,-1.009687361905639902e+00,-1.357208056840665034e+00,1.477797743321330071e+00,2.032704321783358747e-01,4.000000000000000000e+00
1.839838753971936303e+00,-9.378608953488166700e-01,-8.330053869272830980e-01,-3.969461768134902591e-01,-1.888399354059982604e+00,-9.420013033020595561e-01,-1.228427351183554173e+00,1.224655584709787304e+00,1.020262725145239857e+00,4.000000000000000000e+00
2.122136278457553260e+00,-9.820608441104089481e-01,-8.330053869272830980e-01,-9.403577937782113816e-01,-1.203617184829795628e+00,-1.122497459578274182e+00,-1.338815085642540481e+00,1.477797743321330071e+00,5.242324020905833049e-01,4.000000000000000000e+00
2.192718253393503680e+00,-1.092555687578808277e+00,-8.795319606603044793e-01,-8.497858055882629991e-01,-1.230643177480189365e+00,-1.077373420509220692e+00,-1.228427351183554173e+00,1.435612396070236274e+00,9.035438447479722246e-01,4.000000000000000000e+00
1.435483317012803406e+00,-8.605134992338209221e-01,-1.484397745346740516e+00,-4.195942519047197727e-01,-1.059447635172642732e+00,-1.167621498647327893e+00,-9.892489419773766723e-01,8.449373342749764149e-01,1.253680551032790413e+00,4.000000000000000000e+00
1.686919579182428519e+00,-1.534525004581242191e+00,-9.725952712049261706e-01,-1.347911428458009819e+00,-1.275696805960307767e+00,-1.776806009274036535e+00,-1.890763727027553243e+00,1.140274865172606455e+00,-3.511093636214620561e-01,4.000000000000000000e+00
1.623678291641193816e+00,-7.610711571736105130e-01,-1.205228139870033299e+00,-5.101560840071833747e-01,-1.104501263652760912e+00,-1.122497459578274182e+00,-1.154835528210896411e+00,1.393417023784149222e+00,1.370399431430058046e+00,4.000000000000000000e+00
2.004513153679051474e+00,-1.291440371699228873e+00,-1.484397745346740516e+00,-1.008281706876930306e+00,-1.302733106006830344e+00,-1.551185813928768420e+00,-1.817171904054895482e+00,1.013698773349338333e+00,-4.094688038200959279e-01,4.000000000000000000e+00
1.757491429032317365e+00,-8.052711059352027911e-01,-1.065648418670968933e+00,-4.648802459996940195e-01,-1.077475271002367396e+00,-1.145059479112801037e+00,-1.265223262669882942e+00,1.393417023784149222e+00,1.341214727603994961e+00,4.000000000000000000e+00
1.875124678896880726e+00,-1.534525004581242191e+00,-1.112174992403990315e+00,-1.325273509454265142e+00,-1.248670813309914251e+00,-1.754243989739509901e+00,-1.835564875253019812e+00,1.140274865172606455e+00,-1.176815702804191316e-01,4.000000000000000000e+00
2.016278503682719769e+00,-1.479272554411461105e+00,-1.205228139870033299e+00,-1.302625434363035684e+00,-1.293714134393903370e+00,-1.799368028808563391e+00,-1.780375992568566712e+00,1.055894145635425163e+00,-3.511093636214620561e-01,4.000000000000000000e+00
1.788362816434370339e+00,-7.389762112283958517e-01,-1.019121844937947552e+00,-4.422321709084645058e-01,-1.068456299389440423e+00,-1.145059479112801037e+00,-1.265223262669882942e+00,1.351231676533054982e+00,1.312039991231424008e+00,4.000000000000000000e+00
2.063329778611333154e+00,-7.389762112283958517e-01,-1.112174992403990315e+00,-3.063843447110266571e-01,-1.311741770223628256e+00,-1.032249381440166758e+00,-9.524530304910477918e-01,1.562178462858510697e+00,1.428748904175199508e+00,4.000000000000000000e+00
1.858934666284259185e+00,-7.721236585817993214e-01,-1.112174992403990315e+00,-4.195942519047197727e-01,-1.050438970955844820e+00,-1.145059479112801037e+00,-1.228427351183554173e+00,1.393417023784149222e+00,1.341214727603994961e+00,4.000000000000000000e+00
1.773681441644938683e+00,-7.500287126365847712e-01,-9.725952712049261706e-01,-4.195942519047197727e-01,-1.068456299389440423e+00,-1.099935440043747326e+00,-1.136432587922691972e+00,1.477797743321330071e+00,1.312039991231424008e+00,4.000000000000000000e+00
2.098615703536277799e+00,-7.500287126365847712e-01,-9.725952712049261706e-01,5.588329587379761709e-02,-1.591061897925007740e+00,-9.420013033020595561e-01,-8.604582672301857027e-01,1.562178462858510697e+00,1.341214727603994961e+00,4.000000000000000000e+00
2.039799078603996119e+00,-1.114650633524022938e+00,-1.298291450414654769e+00,-7.818618924895439637e-01,-1.275696805960307767e+00,-9.871253423711132680e-01,-1.044437824661829772e+00,1.688754554681779041e+00,3.199893125756035905e-01,4.000000000000000000e+00
1.898645253818156409e+00,-1.092555687578808277e+00,-1.484397745346740516e+00,-8.271478865845183215e-01,-1.329759098657224081e+00,-1.122497459578274182e+00,-1.081233736148158542e+00,1.604373835144597749e+00,2.324551360043990433e-01,4.000000000000000000e+00
2.110370928453884964e+00,-1.103598132115833907e+00,-1.205228139870033299e+00,-6.913000603870803618e-01,-1.401838719787735998e+00,-1.099935440043747326e+00,-1.210024410895349734e+00,1.646559182395691989e+00,6.117665786617879631e-01,4.000000000000000000e+00
